date,et
1980-10-01,-6.582190850458122e-20
1980-10-02,-1.5009366698185148e-19
1980-10-03,-2.8036022827111315e-19
1980-10-04,-3.579113575288916e-19
1980-10-05,-4.564167553108343e-19
1980-10-06,-5.680957539801141e-19
1980-10-07,-5.952216429039302e-19
1980-10-08,0.0030729672871530056
1980-10-09,0.005101668182760476
1980-10-10,0.006057227496057749
1980-10-11,0.006049443036317825
1980-10-12,0.0137575501576066
1980-10-13,0.022194683551788327
1980-10-14,0.024502096697688106
1980-10-15,0.024601172655820847
1980-10-16,0.024850025773048404
1980-10-17,0.025337068364024162
1980-10-18,0.025933919474482533
1980-10-19,0.029429242014884945
1980-10-20,0.03298456221818924
1980-10-21,0.033521480858325965
1980-10-22,0.029601663351058956
1980-10-23,0.03313181921839714
1980-10-24,0.03705529496073723
1980-10-25,0.045603632926940925
1980-10-26,0.04476576671004295
1980-10-27,0.04341362044215201
1980-10-28,0.0443057082593441
1980-10-29,0.050500568002462394
1980-10-30,0.04770961031317711
1980-10-31,0.060267522931098924
1980-11-01,0.08517550677061081
1980-11-02,0.10868956148624419
1980-11-03,0.1288706362247467
1980-11-04,0.17829011380672455
1980-11-05,0.1874647885560989
1980-11-06,0.2082804888486862
1980-11-07,0.2672927379608154
1980-11-08,0.2655176818370819
1980-11-09,0.2421428859233856
1980-11-10,0.2306764423847198
1980-11-11,0.21450324356555936
1980-11-12,0.20086011290550232
1980-11-13,0.19185173511505127
1980-11-14,0.19296981394290924
1980-11-15,0.2052963972091675
1980-11-16,0.19660477340221405
1980-11-17,0.2212795466184616
1980-11-18,0.2764944136142731
1980-11-19,0.3074711263179779
1980-11-20,0.30311310291290283
1980-11-21,0.33776405453681946
1980-11-22,0.2856945693492889
1980-11-23,0.2649573981761932
1980-11-24,0.259105384349823
1980-11-25,0.3065409362316132
1980-11-26,0.2871892750263214
1980-11-27,0.3843958377838135
1980-11-28,0.3312802016735077
1980-11-29,0.3551153242588044
1980-11-30,0.3343641757965088
1980-12-01,0.32013410329818726
1980-12-02,0.34263420104980463
1980-12-03,0.3631772398948669
1980-12-04,0.31962984800338745
1980-12-05,0.27903151512146007
1980-12-06,0.2469053119421005
1980-12-07,0.20448906719684604
1980-12-08,0.24633622169494626
1980-12-09,0.31601715087890625
1980-12-10,0.44238638877868647
1980-12-11,0.4852041304111481
1980-12-12,0.4957967102527617
1980-12-13,0.4871290624141693
1980-12-14,0.6051347851753234
1980-12-15,0.7325661778450012
1980-12-16,0.625087559223175
1980-12-17,0.5226851701736449
1980-12-18,0.4635273814201354
1980-12-19,0.39824232459068293
1980-12-20,0.4378668069839478
1980-12-21,0.484553337097168
1980-12-22,0.616186022758484
1980-12-23,0.6231228709220887
1980-12-24,0.6127079725265503
1980-12-25,0.8288356065750121
1980-12-26,1.0239722728729248
1980-12-27,0.885240137577057
1980-12-28,0.7421215772628785
1980-12-29,0.7439371347427368
1980-12-30,0.8054807782173156
1980-12-31,0.7778993248939514
1981-01-01,0.7181022763252257
1981-01-02,0.6501438617706299
1981-01-03,0.6232492327690125
1981-01-04,0.6023762822151183
1981-01-05,0.6215057373046875
1981-01-06,0.6333250403404236
1981-01-07,0.5900334119796753
1981-01-08,0.5839360356330872
1981-01-09,0.5969237685203552
1981-01-10,0.6257591843605042
1981-01-11,0.6642365455627443
1981-01-12,0.6712613105773925
1981-01-13,0.6055317521095276
1981-01-14,0.5829972624778748
1981-01-15,0.5676211118698119
1981-01-16,0.5908834934234619
1981-01-17,0.6192477941513062
1981-01-18,0.6208286285400392
1981-01-19,0.7374361753463745
1981-01-20,0.7732397317886351
1981-01-21,0.845897376537323
1981-01-22,0.8682235479354857
1981-01-23,0.7600327134132385
1981-01-24,0.6429401636123657
1981-01-25,0.6008077263832092
1981-01-26,0.5848441123962401
1981-01-27,0.54305499792099
1981-01-28,0.6197938919067383
1981-01-29,0.6437976956367493
1981-01-30,0.5913187861442565
1981-01-31,0.5737652778625488
1981-02-01,0.5601187944412231
1981-02-02,0.5679895281791686
1981-02-03,0.5506379604339601
1981-02-04,0.5545411705970764
1981-02-05,0.5479016304016113
1981-02-06,0.5893881916999817
1981-02-07,0.5816478133201599
1981-02-08,0.6014900803565979
1981-02-09,0.5115706324577332
1981-02-10,0.35567426681518555
1981-02-11,0.3823244869709015
1981-02-12,0.6558114886283875
1981-02-13,0.8301594257354737
1981-02-14,0.8856213688850404
1981-02-15,0.8747752904891967
1981-02-16,0.9777079820632933
1981-02-17,0.9237806797027586
1981-02-18,0.9027320742607116
1981-02-19,0.9024560451507568
1981-02-20,0.7488901019096375
1981-02-21,0.8044796586036682
1981-02-22,0.8927342891693115
1981-02-23,1.0126646757125854
1981-02-24,0.8605482578277587
1981-02-25,0.7606914043426514
1981-02-26,0.7741782665252686
1981-02-27,0.81032794713974
1981-02-28,0.9116198420524596
1981-03-01,0.949849784374237
1981-03-02,1.0117158889770508
1981-03-03,0.9284541010856628
1981-03-04,0.7163820266723633
1981-03-05,0.7002946734428406
1981-03-06,0.7322703003883364
1981-03-07,0.814152717590332
1981-03-08,0.8498153686523438
1981-03-09,0.9773545265197754
1981-03-10,1.102839469909668
1981-03-11,1.1165763139724734
1981-03-12,1.1495708227157593
1981-03-13,1.1850540637969968
1981-03-14,1.1227797269821167
1981-03-15,1.0441932678222656
1981-03-16,0.8615731000900269
1981-03-17,0.8610660433769226
1981-03-18,0.8844404816627502
1981-03-19,1.0289340019226074
1981-03-20,1.0905625820159912
1981-03-21,1.1058292388916016
1981-03-22,1.0907763242721555
1981-03-23,1.00025749206543
1981-03-24,0.9377583265304564
1981-03-25,1.108268976211548
1981-03-26,1.07597279548645
1981-03-27,1.01639187335968
1981-03-28,1.0437711477279663
1981-03-29,0.9951279759407042
1981-03-30,0.904733657836914
1981-03-31,0.937667191028595
1981-04-01,0.9097156524658204
1981-04-02,0.8990241289138796
1981-04-03,0.8676151633262633
1981-04-04,0.9249430894851683
1981-04-05,0.9616324305534362
1981-04-06,0.9096601009368896
1981-04-07,0.9574875235557556
1981-04-08,0.9571359157562256
1981-04-09,0.9119170904159546
1981-04-10,0.9180237650871276
1981-04-11,0.8821896314620972
1981-04-12,0.8243831992149353
1981-04-13,0.8814107179641723
1981-04-14,1.168201208114624
1981-04-15,1.4564327001571655
1981-04-16,1.3717329502105713
1981-04-17,1.292741775512695
1981-04-18,1.4465959072113037
1981-04-19,1.6195125579833984
1981-04-20,1.5351533889770508
1981-04-21,1.1781834363937378
1981-04-22,1.4011166095733643
1981-04-23,1.6689471006393435
1981-04-24,1.6260148286819458
1981-04-25,1.2114096879959106
1981-04-26,1.2771016359329224
1981-04-27,1.255728602409363
1981-04-28,1.500260353088379
1981-04-29,1.961800456047058
1981-04-30,2.256562232971192
1981-05-01,1.8597875833511353
1981-05-02,1.2736647129058836
1981-05-03,1.2594710588455198
1981-05-04,1.17170524597168
1981-05-05,1.1885201930999756
1981-05-06,1.214313507080078
1981-05-07,1.22807240486145
1981-05-08,1.4025274515151975
1981-05-09,1.5342106819152832
1981-05-10,1.3499820232391357
1981-05-11,1.337432265281677
1981-05-12,1.4777147769927976
1981-05-13,1.810796976089477
1981-05-14,1.7102617025375366
1981-05-15,1.3544514179229736
1981-05-16,1.4106024503707884
1981-05-17,1.526749134063721
1981-05-18,1.670287489891052
1981-05-19,1.5888357162475584
1981-05-20,1.5940223932266238
1981-05-21,1.4978473186492922
1981-05-22,1.627972602844238
1981-05-23,2.067469835281372
1981-05-24,2.26666259765625
1981-05-25,1.8876500129699707
1981-05-26,1.775152087211609
1981-05-27,1.8516825437545776
1981-05-28,2.2226233482360835
1981-05-29,2.5361533164978027
1981-05-30,2.438918352127075
1981-05-31,1.7807952165603635
1981-06-01,1.982897877693176
1981-06-02,2.0938265323638916
1981-06-03,1.7864346504211426
1981-06-04,1.7541551589965823
1981-06-05,1.9596080780029297
1981-06-06,1.8788009881973264
1981-06-07,1.628242254257202
1981-06-08,1.615724563598633
1981-06-09,1.7350113391876223
1981-06-10,1.7237491607666018
1981-06-11,1.6990635395050049
1981-06-12,1.7302654981613157
1981-06-13,1.5354655981063845
1981-06-14,1.658423066139221
1981-06-15,1.8669035434722896
1981-06-16,1.8854956626892088
1981-06-17,1.7328767776489253
1981-06-18,1.6766059398651123
1981-06-19,1.8889931440353396
1981-06-20,1.7909089326858523
1981-06-21,1.6729382276535034
1981-06-22,1.7705721855163574
1981-06-23,1.828036189079285
1981-06-24,2.039795160293579
1981-06-25,2.593702793121337
1981-06-26,2.599346876144409
1981-06-27,1.9834383726119995
1981-06-28,2.056135654449463
1981-06-29,2.616933107376098
1981-06-30,2.6751124858856197
1981-07-01,1.9966716766357424
1981-07-02,2.519150972366333
1981-07-03,3.0215082168579097
1981-07-04,3.3566379547119145
1981-07-05,3.073032140731812
1981-07-06,1.8436173200607295
1981-07-07,1.4804373979568481
1981-07-08,1.6986843347549438
1981-07-09,1.9810804128646848
1981-07-10,1.8342993259429927
1981-07-11,1.8332140445709233
1981-07-12,1.9454329013824463
1981-07-13,1.9292646646499636
1981-07-14,2.007330179214477
1981-07-15,2.6591193675994877
1981-07-16,2.9233434200286865
1981-07-17,2.761560678482056
1981-07-18,2.510482788085937
1981-07-19,2.3500347137451167
1981-07-20,2.314298629760742
1981-07-21,2.162442445755005
1981-07-22,2.111508369445801
1981-07-23,2.0236756801605225
1981-07-24,2.150908946990967
1981-07-25,2.575218915939331
1981-07-26,3.129626274108887
1981-07-27,3.2848060131073
1981-07-28,2.5120396614074703
1981-07-29,1.9005119800567625
1981-07-30,1.9506996870040891
1981-07-31,2.125243902206421
1981-08-01,2.258747100830078
1981-08-02,2.0728402137756348
1981-08-03,1.7876627445220945
1981-08-04,2.0058677196502686
1981-08-05,2.4401924610137935
1981-08-06,2.864546060562134
1981-08-07,3.371200323104858
1981-08-08,3.643475294113159
1981-08-09,3.738945484161377
1981-08-10,3.727905035018921
1981-08-11,3.6749897003173833
1981-08-12,3.2142221927642822
1981-08-13,2.8135495185852046
1981-08-14,2.6726694107055664
1981-08-15,2.6942667961120605
1981-08-16,2.4640758037567134
1981-08-17,2.3625767230987553
1981-08-18,2.671297073364258
1981-08-19,2.3807027339935303
1981-08-20,1.7647384405136108
1981-08-21,1.7097749710083008
1981-08-22,1.9679630994796753
1981-08-23,2.3016872406005855
1981-08-24,2.355650901794433
1981-08-25,1.7011976242065427
1981-08-26,1.595697045326233
1981-08-27,1.6161433458328247
1981-08-28,1.810397148132324
1981-08-29,1.988146543502808
1981-08-30,1.5989058017730713
1981-08-31,1.5620245933532713
1981-09-01,1.58183217048645
1981-09-02,1.554126501083374
1981-09-03,1.713308572769165
1981-09-04,1.6352001428604124
1981-09-05,1.546348452568054
1981-09-06,1.9310458898544312
1981-09-07,2.2360951900482178
1981-09-08,2.6056444644927974
1981-09-09,2.382238864898682
1981-09-10,1.6887277364730835
1981-09-11,1.85628879070282
1981-09-12,1.7703640460968015
1981-09-13,1.7532231807708738
1981-09-14,1.8696748018264768
1981-09-15,2.083328008651733
1981-09-16,2.371460676193237
1981-09-17,2.2408475875854488
1981-09-18,1.8750691413879397
1981-09-19,1.6343697309494019
1981-09-20,1.1789389848709104
1981-09-21,1.1498104333877566
1981-09-22,1.0591166019439695
1981-09-23,1.0930715799331665
1981-09-24,1.1665918827056885
1981-09-25,1.086727499961853
1981-09-26,1.1032921075820923
1981-09-27,1.2338900566101074
1981-09-28,1.2692298889160156
1981-09-29,1.177179932594299
1981-09-30,1.1908694505691528
1981-10-01,1.363700866699219
1981-10-02,1.1622813940048216
1981-10-03,1.0027289390563967
1981-10-04,0.9841149449348447
1981-10-05,0.9955785870552064
1981-10-06,1.1573128700256348
1981-10-07,1.1182407140731812
1981-10-08,1.0146713256835935
1981-10-09,1.003223896026611
1981-10-10,0.936477065086365
1981-10-11,0.9107807874679564
1981-10-12,0.9092411994934082
1981-10-13,0.9493197798728946
1981-10-14,1.0446591377258303
1981-10-15,1.1536227464675903
1981-10-16,1.1674963235855103
1981-10-17,1.1697491407394407
1981-10-18,1.2692588567733762
1981-10-19,1.15470290184021
1981-10-20,0.9236799478530884
1981-10-21,0.8602107763290405
1981-10-22,0.930234968662262
1981-10-23,1.044065237045288
1981-10-24,1.0423226356506348
1981-10-25,1.013874888420105
1981-10-26,1.0243598222732546
1981-10-27,1.0967254638671875
1981-10-28,0.975183606147766
1981-10-29,0.7919011712074278
1981-10-30,0.8248524069786071
1981-10-31,1.1126788854599
1981-11-01,1.236900210380554
1981-11-02,1.1677571535110471
1981-11-03,1.0755596160888672
1981-11-04,0.8060005903244019
1981-11-05,0.7438353300094604
1981-11-06,0.801901936531067
1981-11-07,0.9003791213035583
1981-11-08,0.8813160657882689
1981-11-09,0.885043442249298
1981-11-10,0.9019262790679934
1981-11-11,0.9540205001831052
1981-11-12,0.8785408139228819
1981-11-13,0.7729941606521606
1981-11-14,0.7909935116767884
1981-11-15,0.722387433052063
1981-11-16,0.7240262031555174
1981-11-17,0.6985859274864197
1981-11-18,0.7460038661956787
1981-11-19,0.6858764886856079
1981-11-20,0.7084970474243164
1981-11-21,0.7445979714393614
1981-11-22,0.6711938381195068
1981-11-23,0.6154168844223022
1981-11-24,0.5554035902023315
1981-11-25,0.5346189141273499
1981-11-26,0.5438917875289916
1981-11-27,0.4929057359695434
1981-11-28,0.4462141394615173
1981-11-29,0.5178500413894653
1981-11-30,0.5661871433258057
1981-12-01,0.6563714742660521
1981-12-02,0.6630054712295532
1981-12-03,0.5429924726486207
1981-12-04,0.596242606639862
1981-12-05,0.681406557559967
1981-12-06,0.6586604714393615
1981-12-07,0.610074520111084
1981-12-08,0.5370187759399415
1981-12-09,0.6279215812683105
1981-12-10,0.6280412077903748
1981-12-11,0.5149728059768677
1981-12-12,0.4411801993846893
1981-12-13,0.4510112106800079
1981-12-14,0.567623734474182
1981-12-15,0.5590181946754456
1981-12-16,0.537564218044281
1981-12-17,0.5033456087112426
1981-12-18,0.5270459055900573
1981-12-19,0.6152517199516296
1981-12-20,0.5415482521057128
1981-12-21,0.4790282547473908
1981-12-22,0.4551136791706085
1981-12-23,0.4482136070728302
1981-12-24,0.5103228092193604
1981-12-25,0.5451512932777404
1981-12-26,0.5021861791610717
1981-12-27,0.4643210172653198
1981-12-28,0.43372178077697754
1981-12-29,0.3844110667705536
1981-12-30,0.36487480998039246
1981-12-31,0.36436238884925837
1982-01-01,0.37933811545372004
1982-01-02,0.3699721693992615
1982-01-03,0.3809988498687744
1982-01-04,0.35206809639930725
1982-01-05,0.2798821926116944
1982-01-06,0.23168548941612244
1982-01-07,0.3361105322837829
1982-01-08,0.5072704553604125
1982-01-09,0.5811020731925964
1982-01-10,0.5031663179397583
1982-01-11,0.5617934465408326
1982-01-12,0.5390156507492065
1982-01-13,0.6111668348312378
1982-01-14,0.669562816619873
1982-01-15,0.6122956871986388
1982-01-16,0.5784170627593994
1982-01-17,0.5884630680084229
1982-01-18,0.5275478959083557
1982-01-19,0.4970663785934447
1982-01-20,0.4868460297584534
1982-01-21,0.4561950266361236
1982-01-22,0.454898864030838
1982-01-23,0.6699146628379822
1982-01-24,0.7164548635482788
1982-01-25,0.6361562013626098
1982-01-26,0.6538032293319703
1982-01-27,0.5981524586677551
1982-01-28,0.6040617227554321
1982-01-29,0.6324722766876221
1982-01-30,0.6895729303359985
1982-01-31,0.6397747993469238
1982-02-01,0.6244806051254272
1982-02-02,0.6626958847045898
1982-02-03,0.5744966268539429
1982-02-04,0.4124107658863068
1982-02-05,0.376309186220169
1982-02-06,0.41844695806503296
1982-02-07,0.442283421754837
1982-02-08,0.45011398196220404
1982-02-09,0.4031271040439606
1982-02-10,0.401385635137558
1982-02-11,0.4621948599815369
1982-02-12,0.6151244044303895
1982-02-13,0.790611743927002
1982-02-14,0.9623382687568665
1982-02-15,0.9362629652023314
1982-02-16,0.9125508666038512
1982-02-17,0.8203756213188172
1982-02-18,0.7211306691169738
1982-02-19,0.8912843465805053
1982-02-20,0.9130340814590454
1982-02-21,0.7876099348068237
1982-02-22,0.5719396471977235
1982-02-23,0.5329445600509644
1982-02-24,0.540080726146698
1982-02-25,0.6437287330627443
1982-02-26,0.7376664876937866
1982-02-27,0.6859138607978821
1982-02-28,0.7611944675445556
1982-03-01,0.867529571056366
1982-03-02,0.798050582408905
1982-03-03,0.7901698946952819
1982-03-04,0.7716606855392456
1982-03-05,0.7459550499916077
1982-03-06,0.7678327560424804
1982-03-07,0.8399387001991272
1982-03-08,0.9446454048156738
1982-03-09,1.0349293947219849
1982-03-10,0.9708103537559508
1982-03-11,0.8345291018486024
1982-03-12,0.7128723859786988
1982-03-13,0.7924385666847229
1982-03-14,0.7526849508285522
1982-03-15,0.6782584190368652
1982-03-16,0.7140105962753295
1982-03-17,0.8156989812850952
1982-03-18,0.8294938206672668
1982-03-19,0.7884979844093322
1982-03-20,0.7952827811241151
1982-03-21,0.8416027426719666
1982-03-22,0.9687991738319398
1982-03-23,1.0086249113082881
1982-03-24,1.033375263214111
1982-03-25,1.1713920831680296
1982-03-26,1.0958272218704224
1982-03-27,0.9008876085281372
1982-03-28,0.8582683205604554
1982-03-29,0.7833420038223265
1982-03-30,0.7940304279327391
1982-03-31,0.7890124917030334
1982-04-01,0.8163046836853028
1982-04-02,0.8635481595993043
1982-04-03,0.8697078824043276
1982-04-04,0.8427155017852782
1982-04-05,0.8249714374542236
1982-04-06,0.9259122014045714
1982-04-07,0.9734292030334472
1982-04-08,0.9570306539535522
1982-04-09,1.0654714107513428
1982-04-10,1.23318612575531
1982-04-11,1.2785854339599607
1982-04-12,1.1150585412979124
1982-04-13,0.9666629433631898
1982-04-14,0.8306415677070618
1982-04-15,0.835234224796295
1982-04-16,0.9277052879333496
1982-04-17,0.944016456604004
1982-04-18,0.8518501520156861
1982-04-19,0.9064001441001892
1982-04-20,1.1330006122589111
1982-04-21,1.4912875890731812
1982-04-22,1.8593502044677732
1982-04-23,1.751742601394653
1982-04-24,1.1105060577392578
1982-04-25,1.1462708711624143
1982-04-26,1.3378278017044067
1982-04-27,1.3913843631744385
1982-04-28,1.4120461940765379
1982-04-29,1.048681378364563
1982-04-30,1.2923942804336548
1982-05-01,1.4482470750808716
1982-05-02,1.3536028861999512
1982-05-03,1.0549458265304563
1982-05-04,1.0930402278900146
1982-05-05,1.2527096271514893
1982-05-06,1.5356254577636717
1982-05-07,1.5250649452209473
1982-05-08,1.178171157836914
1982-05-09,1.2712432146072385
1982-05-10,1.3592222929000857
1982-05-11,1.472377419471741
1982-05-12,1.4951786994934082
1982-05-13,1.488584637641907
1982-05-14,1.6235301494598389
1982-05-15,1.6754618883132935
1982-05-16,1.972124934196472
1982-05-17,1.8091970682144165
1982-05-18,1.3070828914642334
1982-05-19,1.420950412750244
1982-05-20,1.8499143123626705
1982-05-21,2.0799307823181152
1982-05-22,1.9794473648071291
1982-05-23,1.600720763206482
1982-05-24,2.158245325088501
1982-05-25,2.1914501190185542
1982-05-26,1.425209641456604
1982-05-27,1.3422377109527588
1982-05-28,1.6003825664520264
1982-05-29,1.9403415918350213
1982-05-30,2.1560370922088623
1982-05-31,2.2631866931915283
1982-06-01,2.075089693069458
1982-06-02,1.4916912317276
1982-06-03,1.5494738817214964
1982-06-04,1.520740270614624
1982-06-05,1.445852518081665
1982-06-06,1.409441590309143
1982-06-07,1.5475660562515257
1982-06-08,1.8909103870391843
1982-06-09,2.2972133159637447
1982-06-10,2.651966094970703
1982-06-11,2.8466069698333745
1982-06-12,2.67927360534668
1982-06-13,1.7866439819335935
1982-06-14,1.8698691129684448
1982-06-15,2.282496452331543
1982-06-16,2.4667711257934566
1982-06-17,2.888457059860229
1982-06-18,3.2744543552398686
1982-06-19,3.659189939498901
1982-06-20,3.2462704181671143
1982-06-21,2.6962206363677974
1982-06-22,2.447440385818481
1982-06-23,2.504973888397217
1982-06-24,3.0118665695190425
1982-06-25,2.8393800258636475
1982-06-26,2.5119543075561523
1982-06-27,2.0947840213775635
1982-06-28,2.0594940185546875
1982-06-29,2.093104600906372
1982-06-30,2.034440040588379
1982-07-01,1.795632004737854
1982-07-02,1.8878766298294067
1982-07-03,1.8464108705520628
1982-07-04,1.7038606405258179
1982-07-05,1.85853111743927
1982-07-06,2.0701391696929923
1982-07-07,2.1336815357208248
1982-07-08,2.0250673294067383
1982-07-09,2.3499650955200195
1982-07-10,2.5594050884246826
1982-07-11,2.71420168876648
1982-07-12,2.6756901741027836
1982-07-13,2.4766185283660893
1982-07-14,1.7672600746154783
1982-07-15,1.564794182777405
1982-07-16,2.00424861907959
1982-07-17,2.4721584320068355
1982-07-18,2.5553221702575684
1982-07-19,2.400816202163696
1982-07-20,2.3309500217437744
1982-07-21,1.8377387523651123
1982-07-22,1.8102190494537356
1982-07-23,2.131044864654541
1982-07-24,2.5977416038513184
1982-07-25,3.098140954971313
1982-07-26,3.2603182792663574
1982-07-27,3.4229090213775635
1982-07-28,3.415274143218994
1982-07-29,2.7911689281463623
1982-07-30,2.374338626861572
1982-07-31,1.8572915792465208
1982-08-01,1.6537898778915403
1982-08-02,1.820892572402954
1982-08-03,1.9737583398818968
1982-08-04,2.0041184425354004
1982-08-05,2.1764280796051025
1982-08-06,2.568066835403443
1982-08-07,3.0369248390197754
1982-08-08,3.0271751880645756
1982-08-09,2.399310111999512
1982-08-10,1.8992804288864131
1982-08-11,1.8033692836761477
1982-08-12,1.7254843711853027
1982-08-13,1.7031736373901367
1982-08-14,1.7171155214309695
1982-08-15,1.8818829059600832
1982-08-16,2.0790703296661377
1982-08-17,2.041860818862915
1982-08-18,2.1596696376800537
1982-08-19,2.479236364364624
1982-08-20,2.8440475463867188
1982-08-21,2.722078323364258
1982-08-22,2.4982681274414062
1982-08-23,2.53359580039978
1982-08-24,2.5950956344604488
1982-08-25,2.7736358642578125
1982-08-26,2.3968400955200195
1982-08-27,1.7760385274887085
1982-08-28,1.9385766983032224
1982-08-29,1.8588186502456665
1982-08-30,1.719925761222839
1982-08-31,1.714048385620117
1982-09-01,2.044108867645264
1982-09-02,2.3907628059387207
1982-09-03,2.3381781578063965
1982-09-04,1.7240691184997559
1982-09-05,1.8352588415145876
1982-09-06,2.109398365020752
1982-09-07,2.176489353179932
1982-09-08,1.9993422031402588
1982-09-09,1.7928463220596313
1982-09-10,1.3270715475082395
1982-09-11,1.3383734226226807
1982-09-12,1.4305003881454466
1982-09-13,1.5324386358261108
1982-09-14,1.5268498659133913
1982-09-15,1.5139118432998655
1982-09-16,1.6408264636993408
1982-09-17,1.8870646953582768
1982-09-18,2.0760281085968018
1982-09-19,1.9826927185058596
1982-09-20,1.7518546581268313
1982-09-21,1.6549290418624876
1982-09-22,1.6877005100250242
1982-09-23,1.6973575353622437
1982-09-24,1.8624074459075928
1982-09-25,1.445391058921814
1982-09-26,1.2847535610198975
1982-09-27,1.2033430337905884
1982-09-28,1.0933799743652344
1982-09-29,1.1205656528472898
1982-09-30,1.316257834434509
1982-10-01,1.314980387687683
1982-10-02,1.2049663066864011
1982-10-03,1.0637177228927615
1982-10-04,1.0581343173980713
1982-10-05,1.05979323387146
1982-10-06,1.1258747577667236
1982-10-07,0.9602406024932862
1982-10-08,0.9548218846321108
1982-10-09,1.083669900894165
1982-10-10,1.263288140296936
1982-10-11,1.506940484046936
1982-10-12,1.3881638050079343
1982-10-13,1.4435656070709229
1982-10-14,1.5382304191589355
1982-10-15,1.5052483081817627
1982-10-16,1.1458311080932615
1982-10-17,0.8353131413459779
1982-10-18,0.737612247467041
1982-10-19,0.7772845625877379
1982-10-20,0.8541868925094604
1982-10-21,0.9561686515808104
1982-10-22,1.0631959438323975
1982-10-23,1.1449741125106814
1982-10-24,1.1870360374450686
1982-10-25,1.1744327545166016
1982-10-26,0.9829521775245664
1982-10-27,0.8579170107841491
1982-10-28,0.8505606651306152
1982-10-29,0.793073058128357
1982-10-30,0.7560810446739197
1982-10-31,0.7942105531692506
1982-11-01,0.814759075641632
1982-11-02,0.7388552427291871
1982-11-03,0.8219321370124815
1982-11-04,0.8264467120170593
1982-11-05,0.7404003739356994
1982-11-06,0.7022277116775512
1982-11-07,0.643520176410675
1982-11-08,0.6364938020706177
1982-11-09,0.604124128818512
1982-11-10,0.5992406010627747
1982-11-11,0.5991414785385132
1982-11-12,0.5642288923263549
1982-11-13,0.5243757367134094
1982-11-14,0.4938436150550842
1982-11-15,0.5856834053993225
1982-11-16,0.6039392948150634
1982-11-17,0.6825348138809204
1982-11-18,0.6833828091621399
1982-11-19,0.6460139155387878
1982-11-20,0.5623698234558105
1982-11-21,0.4900254607200623
1982-11-22,0.41685676574707037
1982-11-23,0.42612242698669434
1982-11-24,0.42361500859260554
1982-11-25,0.3977600932121277
1982-11-26,0.4347663223743439
1982-11-27,0.5343461632728577
1982-11-28,0.5741778016090392
1982-11-29,0.6057010293006897
1982-11-30,0.6076041460037233
1982-12-01,0.6295918822288513
1982-12-02,0.6115522384643555
1982-12-03,0.7909104228019713
1982-12-04,0.6504600048065186
1982-12-05,0.5340046286582947
1982-12-06,0.497851461172104
1982-12-07,0.42519655823707586
1982-12-08,0.405590295791626
1982-12-09,0.4151230156421661
1982-12-10,0.4608128666877747
1982-12-11,0.453200489282608
1982-12-12,0.4641337990760803
1982-12-13,0.5447297692298889
1982-12-14,0.5538767576217651
1982-12-15,0.5892316102981567
1982-12-16,0.6798080801963807
1982-12-17,0.6251766681671144
1982-12-18,0.5532795190811156
1982-12-19,0.5415052771568298
1982-12-20,0.5119990706443786
1982-12-21,0.5326586961746216
1982-12-22,0.5175788402557372
1982-12-23,0.4762841761112212
1982-12-24,0.4756670296192169
1982-12-25,0.4864794015884399
1982-12-26,0.4637124240398406
1982-12-27,0.36465495824813837
1982-12-28,0.3563205003738404
1982-12-29,0.3910989761352539
1982-12-30,0.32604166865348816
1982-12-31,0.3408679068088532
1983-01-01,0.3558784425258636
1983-01-02,0.4211722016334534
1983-01-03,0.5060845613479615
1983-01-04,0.6158751249313354
1983-01-05,0.7077791094779968
1983-01-06,0.674788773059845
1983-01-07,0.7387107014656067
1983-01-08,0.6953809261322021
1983-01-09,0.6001873612403869
1983-01-10,0.7200751304626465
1983-01-11,0.792373538017273
1983-01-12,0.7648507952690125
1983-01-13,0.6926188468933105
1983-01-14,0.601744294166565
1983-01-15,0.6189117431640625
1983-01-16,0.6434720754623412
1983-01-17,0.6250834465026855
1983-01-18,0.6573102474212646
1983-01-19,0.6605653166770935
1983-01-20,0.5944294929504395
1983-01-21,0.5374512672424318
1983-01-22,0.6051667928695679
1983-01-23,0.649578034877777
1983-01-24,0.7411718964576722
1983-01-25,0.7009152173995972
1983-01-26,0.7222150564193724
1983-01-27,0.7353434562683105
1983-01-28,0.6044159531593322
1983-01-29,0.6399511098861695
1983-01-30,0.697217583656311
1983-01-31,0.6832584142684937
1983-02-01,0.6601970195770264
1983-02-02,0.675685703754425
1983-02-03,0.6345175504684448
1983-02-04,0.6035604476928712
1983-02-05,0.58410507440567
1983-02-06,0.5990397930145265
1983-02-07,0.6158162355422973
1983-02-08,0.5865842700004577
1983-02-09,0.6134356260299683
1983-02-10,0.7037565708160399
1983-02-11,0.7942409515380859
1983-02-12,0.8765864968299866
1983-02-13,0.7918607592582702
1983-02-14,0.7213718891143798
1983-02-15,0.7237313389778138
1983-02-16,0.8381756544113158
1983-02-17,0.8391686677932739
1983-02-18,0.8314621448516845
1983-02-19,0.7484256029129027
1983-02-20,0.793627440929413
1983-02-21,0.7887253761291505
1983-02-22,0.9463775753974915
1983-02-23,1.0837483406066895
1983-02-24,0.9888447523117064
1983-02-25,0.7923591732978819
1983-02-26,0.8326466679573059
1983-02-27,0.7526065707206726
1983-02-28,0.7701954245567322
1983-03-01,0.8256065845489503
1983-03-02,0.866580843925476
1983-03-03,0.9291028976440427
1983-03-04,0.8966100215911866
1983-03-05,0.8714410662651062
1983-03-06,0.9549795389175416
1983-03-07,0.9806808233261108
1983-03-08,0.9912068247795106
1983-03-09,1.1032880544662476
1983-03-10,1.0635846853256223
1983-03-11,0.9898767471313474
1983-03-12,0.9703743457794188
1983-03-13,0.9868447184562686
1983-03-14,0.9347657561302184
1983-03-15,0.9537259936332702
1983-03-16,0.9454684257507326
1983-03-17,1.0232913494110107
1983-03-18,1.0660911798477173
1983-03-19,1.0229536294937132
1983-03-20,1.0321969985961914
1983-03-21,1.0926998853683472
1983-03-22,1.0662211179733276
1983-03-23,1.0096999406814575
1983-03-24,0.9603396058082578
1983-03-25,1.012806057929993
1983-03-26,0.9515106678009032
1983-03-27,0.9751557111740112
1983-03-28,0.9193918108940125
1983-03-29,1.013196349143982
1983-03-30,1.085749864578247
1983-03-31,1.0226346254348757
1983-04-01,0.9601356983184814
1983-04-02,0.8887053728103635
1983-04-03,0.9204026460647584
1983-04-04,1.0309486389160156
1983-04-05,1.2247370481491089
1983-04-06,1.3110071420669556
1983-04-07,1.1489983797073364
1983-04-08,0.9480754733085632
1983-04-09,0.9084572792053222
1983-04-10,0.8493000864982606
1983-04-11,0.8606206178665162
1983-04-12,0.9402360916137694
1983-04-13,1.0659009218215942
1983-04-14,1.2297405004501343
1983-04-15,1.378975510597229
1983-04-16,1.4887995719909668
1983-04-17,1.6409683227539062
1983-04-18,1.7738409042358398
1983-04-19,1.6793518066406248
1983-04-20,1.5965367555618284
1983-04-21,1.2910298109054563
1983-04-22,1.3356188535690305
1983-04-23,1.4231824874877927
1983-04-24,1.2462340593338013
1983-04-25,1.0544157028198242
1983-04-26,1.1997710466384888
1983-04-27,1.3326447010040283
1983-04-28,1.5614694356918335
1983-04-29,1.6581114530563354
1983-04-30,1.5942488908767698
1983-05-01,1.4685616493225093
1983-05-02,1.3065924644470217
1983-05-03,1.357091784477234
1983-05-04,1.4724053144454958
1983-05-05,1.6056346893310547
1983-05-06,1.3457826375961304
1983-05-07,1.3579242229461668
1983-05-08,1.2090704441070557
1983-05-09,1.155606389045715
1983-05-10,1.262042760848999
1983-05-11,1.464934706687927
1983-05-12,1.7265931367874146
1983-05-13,1.9332711696624756
1983-05-14,1.8763474225997925
1983-05-15,1.1647179126739502
1983-05-16,1.3518773317337036
1983-05-17,1.48195481300354
1983-05-18,1.4881432056427002
1983-05-19,1.5963594913482664
1983-05-20,1.9759104251861568
1983-05-21,2.033893346786499
1983-05-22,2.2523348331451416
1983-05-23,2.5369579792022705
1983-05-24,2.7880971431732178
1983-05-25,2.500807046890259
1983-05-26,2.16603946685791
1983-05-27,2.4808645248413086
1983-05-28,3.1458199024200444
1983-05-29,3.6285991668701176
1983-05-30,3.0397415161132804
1983-05-31,1.7671232223510744
1983-06-01,1.5752785205841062
1983-06-02,1.5614503622055051
1983-06-03,1.5650911331176756
1983-06-04,1.6752477884292603
1983-06-05,1.7468445301055908
1983-06-06,1.9664384126663208
1983-06-07,2.4151504039764404
1983-06-08,2.509026765823364
1983-06-09,2.102256774902344
1983-06-10,1.7902843952178955
1983-06-11,1.6570396423339842
1983-06-12,1.771959900856018
1983-06-13,2.0046186447143555
1983-06-14,2.4642732143402095
1983-06-15,2.3823292255401602
1983-06-16,1.9666460752487185
1983-06-17,1.981954455375672
1983-06-18,1.6754231452941897
1983-06-19,1.63065242767334
1983-06-20,1.6808995008468628
1983-06-21,1.9181637763977049
1983-06-22,2.143371343612671
1983-06-23,1.9663702249526975
1983-06-24,1.8138785362243648
1983-06-25,2.0454516410827646
1983-06-26,2.307483673095703
1983-06-27,2.345134973526001
1983-06-28,2.350467681884765
1983-06-29,2.1311326026916504
1983-06-30,2.079793691635132
1983-07-01,1.9720711708068848
1983-07-02,1.8105602264404297
1983-07-03,1.964521050453186
1983-07-04,2.4579391479492188
1983-07-05,2.385199546813965
1983-07-06,1.956360936164856
1983-07-07,1.8582957983016963
1983-07-08,1.7340387105941772
1983-07-09,1.780522108078003
1983-07-10,2.0955922603607173
1983-07-11,2.4324409961700444
1983-07-12,2.424785614013672
1983-07-13,2.1729178428649902
1983-07-14,1.9116408824920652
1983-07-15,1.8850947618484497
1983-07-16,1.9993739128112793
1983-07-17,2.4382576942443848
1983-07-18,2.677829265594483
1983-07-19,2.529238700866699
1983-07-20,2.241793155670166
1983-07-21,2.3477954864501958
1983-07-22,2.8958058357238774
1983-07-23,2.653798818588257
1983-07-24,2.3146922588348384
1983-07-25,1.9927959442138672
1983-07-26,2.0108861923217773
1983-07-27,2.1196868419647217
1983-07-28,2.2063021659851074
1983-07-29,2.4561858177185054
1983-07-30,2.939641952514648
1983-07-31,2.9959363937377925
1983-08-01,2.569785118103028
1983-08-02,2.3235907554626465
1983-08-03,2.27969741821289
1983-08-04,2.358910799026489
1983-08-05,2.344393253326416
1983-08-06,2.4789590835571294
1983-08-07,2.932674407958984
1983-08-08,2.77237319946289
1983-08-09,2.4238564968109126
1983-08-10,2.4798672199249263
1983-08-11,1.82690954208374
1983-08-12,2.0996856689453125
1983-08-13,2.5346207618713374
1983-08-14,2.587422609329224
1983-08-15,2.293405532836914
1983-08-16,2.054497718811035
1983-08-17,2.129122734069824
1983-08-18,2.174150228500366
1983-08-19,2.2173759937286377
1983-08-20,2.008480787277222
1983-08-21,2.10654616355896
1983-08-22,2.2607610225677486
1983-08-23,2.211039066314697
1983-08-24,1.6913325786590576
1983-08-25,1.834598422050476
1983-08-26,2.0429484844207764
1983-08-27,2.0675368309021
1983-08-28,1.9457455873489375
1983-08-29,1.7727954387664795
1983-08-30,2.01015830039978
1983-08-31,2.088318347930908
1983-09-01,2.005203008651733
1983-09-02,1.7737683057785034
1983-09-03,1.8136502504348753
1983-09-04,1.6618491411209109
1983-09-05,1.6276407241821287
1983-09-06,1.5891796350479124
1983-09-07,1.4387713670730593
1983-09-08,1.3536188602447508
1983-09-09,1.3829237222671509
1983-09-10,1.4923925399780271
1983-09-11,1.676907658576965
1983-09-12,1.678857445716858
1983-09-13,1.9313329458236692
1983-09-14,1.8378207683563232
1983-09-15,1.6676665544509888
1983-09-16,1.4758812189102173
1983-09-17,1.2379155158996582
1983-09-18,1.1436845064163208
1983-09-19,1.060662865638733
1983-09-20,1.2287859916687012
1983-09-21,1.5160192251205442
1983-09-22,1.7738325595855713
1983-09-23,1.755555510520935
1983-09-24,1.6207183599472046
1983-09-25,1.6510521173477173
1983-09-26,1.419435143470764
1983-09-27,1.1599637269973755
1983-09-28,0.9796037673950196
1983-09-29,1.0399484634399414
1983-09-30,1.089017033576965
1983-10-01,1.158920168876648
1983-10-02,1.162423014640808
1983-10-03,1.1719993352890015
1983-10-04,1.1695179939270017
1983-10-05,1.0933613777160642
1983-10-06,1.0008970499038696
1983-10-07,0.9285923838615416
1983-10-08,1.0622745752334595
1983-10-09,1.0960025787353516
1983-10-10,0.994606614112854
1983-10-11,1.0518584251403809
1983-10-12,1.0638808012008667
1983-10-13,1.1366788148880003
1983-10-14,0.8782720565795898
1983-10-15,0.8675934672355651
1983-10-16,0.9187291264533995
1983-10-17,0.935445249080658
1983-10-18,0.8843209743499757
1983-10-19,0.9460554122924802
1983-10-20,1.0588102340698242
1983-10-21,1.16812264919281
1983-10-22,1.0945885181427002
1983-10-23,0.9273062348365786
1983-10-24,0.8619308471679686
1983-10-25,1.0648397207260132
1983-10-26,1.2581901550292969
1983-10-27,1.1525906324386597
1983-10-28,0.9760966300964354
1983-10-29,0.9811279773712158
1983-10-30,1.1703976392745972
1983-10-31,1.0441497564315796
1983-11-01,0.9870833158493044
1983-11-02,0.9934473633766174
1983-11-03,1.0412516593933103
1983-11-04,0.8708554506301878
1983-11-05,0.7147333025932312
1983-11-06,0.7489380240440369
1983-11-07,0.7129250168800353
1983-11-08,0.6821929812431335
1983-11-09,0.7100428342819214
1983-11-10,0.7358726859092712
1983-11-11,0.8371583223342894
1983-11-12,0.7720240354537965
1983-11-13,0.7484428882598879
1983-11-14,0.7336506843566895
1983-11-15,0.7826266884803773
1983-11-16,0.8379555344581604
1983-11-17,0.7873699069023132
1983-11-18,0.7016633749008178
1983-11-19,0.6551443338394164
1983-11-20,0.6267489194869996
1983-11-21,0.5844640135765076
1983-11-22,0.5561478734016418
1983-11-23,0.5702905654907225
1983-11-24,0.643011748790741
1983-11-25,0.6269983053207397
1983-11-26,0.6404266953468323
1983-11-27,0.70500648021698
1983-11-28,0.6335719227790833
1983-11-29,0.4727250933647156
1983-11-30,0.4203809499740601
1983-12-01,0.39028424024581915
1983-12-02,0.4190813004970551
1983-12-03,0.4159673452377319
1983-12-04,0.42593362927436823
1983-12-05,0.4202946424484253
1983-12-06,0.39764803647995
1983-12-07,0.39148864150047297
1983-12-08,0.5212666988372803
1983-12-09,0.5646594166755676
1983-12-10,0.5770274996757507
1983-12-11,0.5615580081939697
1983-12-12,0.5470085144042969
1983-12-13,0.6189380884170532
1983-12-14,0.601141095161438
1983-12-15,0.512201428413391
1983-12-16,0.4130215644836425
1983-12-17,0.35862648487091064
1983-12-18,0.3276613354682922
1983-12-19,0.30674007534980774
1983-12-20,0.2442255318164825
1983-12-21,0.1858193576335907
1983-12-22,0.16444696485996246
1983-12-23,0.14077687263488767
1983-12-24,0.16455942392349246
1983-12-25,0.25538772344589233
1983-12-26,0.4031524956226349
1983-12-27,0.3872906565666199
1983-12-28,0.3265528380870819
1983-12-29,0.32366076111793524
1983-12-30,0.4944912791252136
1983-12-31,0.5818656086921692
1984-01-01,0.5474035739898682
1984-01-02,0.6550270915031433
1984-01-03,0.8386074304580687
1984-01-04,1.0149635076522827
1984-01-05,0.9191045761108398
1984-01-06,0.8573690056800842
1984-01-07,0.7698189616203309
1984-01-08,0.6891042590141297
1984-01-09,0.636861264705658
1984-01-10,0.6564975976943969
1984-01-11,0.637797713279724
1984-01-12,0.58235502243042
1984-01-13,0.4694379568099975
1984-01-14,0.4071431756019592
1984-01-15,0.35764965415000916
1984-01-16,0.402969628572464
1984-01-17,0.34744229912757874
1984-01-18,0.31286877393722534
1984-01-19,0.3415476381778717
1984-01-20,0.33548468351364136
1984-01-21,0.4364348948001862
1984-01-22,0.5605711936950684
1984-01-23,0.7109602093696594
1984-01-24,0.8325817584991455
1984-01-25,0.8047861456871032
1984-01-26,0.6916614770889281
1984-01-27,0.7674600481986998
1984-01-28,0.7908082604408264
1984-01-29,0.755366861820221
1984-01-30,0.7067331671714783
1984-01-31,0.7260520458221436
1984-02-01,0.7001143097877504
1984-02-02,0.6705512404441833
1984-02-03,0.7332088351249696
1984-02-04,0.7634059190750121
1984-02-05,0.852812111377716
1984-02-06,0.8323021531105042
1984-02-07,0.709420919418335
1984-02-08,0.7354784011840819
1984-02-09,0.7243300676345825
1984-02-10,0.6961233019828796
1984-02-11,0.6891736984252929
1984-02-12,0.7626445889472961
1984-02-13,0.7361229062080383
1984-02-14,0.6981368064880371
1984-02-15,0.7095493674278259
1984-02-16,0.6882311105728148
1984-02-17,0.642916977405548
1984-02-18,0.6818894147872924
1984-02-19,0.7311263680458067
1984-02-20,0.7676011323928833
1984-02-21,0.7051878571510314
1984-02-22,0.6367838978767396
1984-02-23,0.65995591878891
1984-02-24,0.710552990436554
1984-02-25,0.7063372135162354
1984-02-26,0.61553555727005
1984-02-27,0.7139629125595092
1984-02-28,0.8096638321876525
1984-02-29,0.7827891707420349
1984-03-01,0.8318684697151183
1984-03-02,0.7816354632377625
1984-03-03,0.7133835554122925
1984-03-04,0.7920870184898376
1984-03-05,1.0129927396774292
1984-03-06,1.0840542316436768
1984-03-07,1.1810919046401975
1984-03-08,1.2436673641204834
1984-03-09,1.256187319755554
1984-03-10,1.051320433616638
1984-03-11,0.9456468224525452
1984-03-12,0.9242596626281738
1984-03-13,0.845256209373474
1984-03-14,0.9423401951789858
1984-03-15,0.9661660194396972
1984-03-16,0.942809522151947
1984-03-17,0.9435569047927856
1984-03-18,0.9005600214004515
1984-03-19,0.9905278086662292
1984-03-20,1.1045894622802734
1984-03-21,1.0180811882019043
1984-03-22,1.0175762176513674
1984-03-23,1.058111310005188
1984-03-24,0.9220898151397704
1984-03-25,0.912856638431549
1984-03-26,0.8871635794639589
1984-03-27,0.9775829315185544
1984-03-28,0.9893583059310912
1984-03-29,0.9186444878578186
1984-03-30,1.0477964878082275
1984-03-31,1.194261074066162
1984-04-01,1.1685683727264404
1984-04-02,1.0069386959075928
1984-04-03,1.0430006980895998
1984-04-04,0.997257649898529
1984-04-05,1.0255439281463623
1984-04-06,0.9230881929397584
1984-04-07,0.9703134298324584
1984-04-08,0.9826411604881288
1984-04-09,0.9758811593055726
1984-04-10,0.9262287616729736
1984-04-11,0.9642983078956606
1984-04-12,1.0159387588500977
1984-04-13,0.9755333065986632
1984-04-14,1.4592063426971438
1984-04-15,1.7901141643524168
1984-04-16,1.4582570791244507
1984-04-17,1.0979933738708496
1984-04-18,1.253706455230713
1984-04-19,1.2151424884796143
1984-04-20,1.1590936183929443
1984-04-21,1.2235150337219238
1984-04-22,1.125613331794739
1984-04-23,1.0520247220993042
1984-04-24,0.9290153980255128
1984-04-25,0.9450061321258544
1984-04-26,1.0460556745529177
1984-04-27,1.24419903755188
1984-04-28,1.3519215583801267
1984-04-29,1.1774308681488037
1984-04-30,1.214069128036499
1984-05-01,1.2670617103576658
1984-05-02,1.2055799961090088
1984-05-03,1.1262303590774536
1984-05-04,1.1120542287826536
1984-05-05,1.1464177370071411
1984-05-06,1.1988892555236816
1984-05-07,1.4781002998352053
1984-05-08,1.6555714607238767
1984-05-09,1.2889314889907837
1984-05-10,1.2896819114685059
1984-05-11,1.486289143562317
1984-05-12,1.5993206501007078
1984-05-13,1.7157200574874878
1984-05-14,1.374131441116333
1984-05-15,1.3120498657226562
1984-05-16,1.3341214656829834
1984-05-17,1.497636556625366
1984-05-18,1.692032814025879
1984-05-19,1.6753110885620115
1984-05-20,1.3510316610336304
1984-05-21,1.3504117727279663
1984-05-22,1.3727743625640867
1984-05-23,1.3595964908599854
1984-05-24,1.3423495292663576
1984-05-25,1.3363173007965086
1984-05-26,1.462862491607666
1984-05-27,1.751861810684204
1984-05-28,2.3031618595123287
1984-05-29,2.7464416027069087
1984-05-30,2.1968054771423335
1984-05-31,1.344639539718628
1984-06-01,1.4355578422546387
1984-06-02,1.600411295890808
1984-06-03,1.5516613721847532
1984-06-04,1.5970213413238525
1984-06-05,1.6139721870422363
1984-06-06,1.6537625789642332
1984-06-07,1.708903431892395
1984-06-08,1.4435479640960691
1984-06-09,1.5428756475448606
1984-06-10,1.7054489850997925
1984-06-11,1.7657601833343504
1984-06-12,2.0315618515014653
1984-06-13,2.2844271659851074
1984-06-14,2.380320787429809
1984-06-15,2.212821245193481
1984-06-16,1.545013904571533
1984-06-17,1.6908867359161375
1984-06-18,1.867335677146912
1984-06-19,2.0824499130249023
1984-06-20,2.245748996734619
1984-06-21,1.6899727582931519
1984-06-22,1.7036747932434084
1984-06-23,2.5066421031951904
1984-06-24,2.802318334579468
1984-06-25,2.7191369533538814
1984-06-26,2.737119197845459
1984-06-27,2.3015749454498287
1984-06-28,2.5662958621978755
1984-06-29,2.1992840766906734
1984-06-30,1.782783508300781
1984-07-01,2.108022451400757
1984-07-02,2.3154995441436768
1984-07-03,2.4168155193328857
1984-07-04,2.683424711227417
1984-07-05,2.656894207000733
1984-07-06,1.927197217941284
1984-07-07,1.89462685585022
1984-07-08,2.094502210617065
1984-07-09,2.1281769275665283
1984-07-10,2.2225546836853027
1984-07-11,2.15212345123291
1984-07-12,1.8652081489562988
1984-07-13,1.9698673486709597
1984-07-14,2.360297918319702
1984-07-15,2.836472988128662
1984-07-16,3.17732834815979
1984-07-17,3.0623791217803955
1984-07-18,2.5368101596832275
1984-07-19,2.1979777812957764
1984-07-20,2.0009469985961914
1984-07-21,1.9409501552581787
1984-07-22,2.234473705291748
1984-07-23,2.7949535846710205
1984-07-24,3.26793098449707
1984-07-25,2.9918408393859863
1984-07-26,2.372430086135864
1984-07-27,2.087397336959839
1984-07-28,2.1487255096435542
1984-07-29,2.241776466369629
1984-07-30,2.6864361763000484
1984-07-31,2.836119651794433
1984-08-01,2.569688081741333
1984-08-02,2.0561909675598145
1984-08-03,1.9580122232437132
1984-08-04,2.005017518997192
1984-08-05,1.964578986167908
1984-08-06,1.7514890432357788
1984-08-07,2.104916572570801
1984-08-08,2.6986005306243896
1984-08-09,2.7311978340148926
1984-08-10,2.451415777206421
1984-08-11,2.2115302085876465
1984-08-12,2.068471908569336
1984-08-13,1.6003661155700684
1984-08-14,1.7356489896774292
1984-08-15,2.0218460559844966
1984-08-16,2.317521095275879
1984-08-17,2.2387175559997563
1984-08-18,1.828416466712952
1984-08-19,1.6481738090515137
1984-08-20,1.868178486824036
1984-08-21,2.095337390899658
1984-08-22,1.990052342414856
1984-08-23,1.6291581392288208
1984-08-24,1.5097665786743166
1984-08-25,1.6941431760787966
1984-08-26,2.006836414337158
1984-08-27,2.028392791748047
1984-08-28,1.2959154844284055
1984-08-29,1.5241923332214353
1984-08-30,1.6004269123077393
1984-08-31,1.4978337287902832
1984-09-01,1.3830424547195432
1984-09-02,1.4251635074615479
1984-09-03,1.8020278215408323
1984-09-04,1.8286664485931396
1984-09-05,1.6149715185165403
1984-09-06,1.237784147262573
1984-09-07,1.271530032157898
1984-09-08,1.4996294975280762
1984-09-09,1.440719485282898
1984-09-10,1.4033128023147583
1984-09-11,1.277745246887207
1984-09-12,1.3101730346679688
1984-09-13,1.3841657638549807
1984-09-14,1.5390639305114746
1984-09-15,1.8714411258697508
1984-09-16,1.8622004985809328
1984-09-17,2.040039539337158
1984-09-18,1.9185763597488403
1984-09-19,1.762012481689453
1984-09-20,1.3190733194351196
1984-09-21,1.1376479864120483
1984-09-22,0.9760819673538208
1984-09-23,0.9706916809082032
1984-09-24,1.0462467670440672
1984-09-25,1.0971959829330444
1984-09-26,1.1639850139617922
1984-09-27,1.178455948829651
1984-09-28,1.1925771236419676
1984-09-29,1.3327414989471436
1984-09-30,1.3593292236328125
1984-10-01,1.2583997249603271
1984-10-02,1.419005274772644
1984-10-03,1.473343014717102
1984-10-04,1.4080086946487427
1984-10-05,1.0822527408599851
1984-10-06,1.1363878250122073
1984-10-07,1.398319840431213
1984-10-08,1.623361349105835
1984-10-09,1.3439395427703855
1984-10-10,1.2292131185531618
1984-10-11,1.0536590814590454
1984-10-12,0.927910566329956
1984-10-13,0.897375464439392
1984-10-14,0.8127269744873047
1984-10-15,0.7826164960861207
1984-10-16,0.7459282279014587
1984-10-17,0.7283872365951538
1984-10-18,0.7674773335456847
1984-10-19,0.7338177561759949
1984-10-20,0.7654107809066771
1984-10-21,0.7815210223197938
1984-10-22,0.784564197063446
1984-10-23,0.794006884098053
1984-10-24,0.8904443979263306
1984-10-25,0.9677785038948062
1984-10-26,0.7839116454124448
1984-10-27,0.6984286904335022
1984-10-28,0.668314814567566
1984-10-29,0.6159175634384155
1984-10-30,0.5964622497558593
1984-10-31,0.4995013177394866
1984-11-01,0.4625903367996216
1984-11-02,0.6451347470283508
1984-11-03,0.7519740462303162
1984-11-04,0.7468035221099854
1984-11-05,0.7029913067817688
1984-11-06,0.7975956201553344
1984-11-07,0.750937819480896
1984-11-08,0.7229726314544677
1984-11-09,0.7377680540084838
1984-11-10,0.7140341997146606
1984-11-11,0.770539700984955
1984-11-12,0.8111627697944641
1984-11-13,0.7551468610763548
1984-11-14,0.6281349062919617
1984-11-15,0.5620362758636473
1984-11-16,0.6334688067436218
1984-11-17,0.6297085881233215
1984-11-18,0.6697207093238831
1984-11-19,0.6848711967468261
1984-11-20,0.6636862158775328
1984-11-21,0.5998191833496093
1984-11-22,0.5367736220359802
1984-11-23,0.6068227291107177
1984-11-24,0.5402493476867676
1984-11-25,0.5297557711601256
1984-11-26,0.4836370348930359
1984-11-27,0.4787729680538177
1984-11-28,0.5801103711128234
1984-11-29,0.5780586004257202
1984-11-30,0.5437104105949401
1984-12-01,0.4818446934223174
1984-12-02,0.4222514927387238
1984-12-03,0.39455834031105036
1984-12-04,0.3761869370937347
1984-12-05,0.3940128684043884
1984-12-06,0.4584653675556183
1984-12-07,0.5283830761909485
1984-12-08,0.596189558506012
1984-12-09,0.4867939054965973
1984-12-10,0.4777706265449524
1984-12-11,0.4534734785556793
1984-12-12,0.4446780383586884
1984-12-13,0.4889907836914063
1984-12-14,0.5834729671478271
1984-12-15,0.5162110924720764
1984-12-16,0.4410233795642853
1984-12-17,0.34964075684547424
1984-12-18,0.2509693205356598
1984-12-19,0.24067282676696775
1984-12-20,0.3057186305522919
1984-12-21,0.3968924283981323
1984-12-22,0.5767184495925903
1984-12-23,0.5822213888168335
1984-12-24,0.5263563394546509
1984-12-25,0.5262532234191895
1984-12-26,0.5143898725509644
1984-12-27,0.4606050550937652
1984-12-28,0.4126338362693786
1984-12-29,0.4255664348602295
1984-12-30,0.44014897942543035
1984-12-31,0.4297942519187927
1985-01-01,0.3392740488052368
1985-01-02,0.3702611029148102
1985-01-03,0.4355133771896362
1985-01-04,0.43658873438835133
1985-01-05,0.5075032114982605
1985-01-06,0.4388726353645325
1985-01-07,0.4996999204158783
1985-01-08,0.4972036778926849
1985-01-09,0.4062028229236602
1985-01-10,0.3629660904407501
1985-01-11,0.3594591021537781
1985-01-12,0.38197010755538946
1985-01-13,0.3894277513027191
1985-01-14,0.4589706659317017
1985-01-15,0.5451886653900146
1985-01-16,0.5584187507629395
1985-01-17,0.666229784488678
1985-01-18,0.6871256828308105
1985-01-19,0.6721757054328918
1985-01-20,0.6416134238243103
1985-01-21,0.5761505365371704
1985-01-22,0.5610201954841613
1985-01-23,0.5299941301345825
1985-01-24,0.4939897954463959
1985-01-25,0.4873912930488585
1985-01-26,0.4509485661983489
1985-01-27,0.4291168451309204
1985-01-28,0.4432602524757385
1985-01-29,0.44700628519058233
1985-01-30,0.4010828733444214
1985-01-31,0.4356423616409302
1985-02-01,0.4127258360385895
1985-02-02,0.35453277826309204
1985-02-03,0.3015629947185516
1985-02-04,0.301197350025177
1985-02-05,0.35513144731521606
1985-02-06,0.41071394085884094
1985-02-07,0.4365845024585724
1985-02-08,0.434762567281723
1985-02-09,0.4001463651657104
1985-02-10,0.4619552195072174
1985-02-11,0.6022377014160156
1985-02-12,0.6324160695075988
1985-02-13,0.5538856983184814
1985-02-14,0.6744733452796936
1985-02-15,0.67080557346344
1985-02-16,0.6164779663085938
1985-02-17,0.6318203806877135
1985-02-18,0.6850820183753967
1985-02-19,0.7233973741531373
1985-02-20,0.6418582201004028
1985-02-21,0.736382007598877
1985-02-22,0.820091426372528
1985-02-23,0.8524165749549865
1985-02-24,0.8011505007743835
1985-02-25,0.69681316614151
1985-02-26,0.7050455212593079
1985-02-27,0.7729613184928895
1985-02-28,0.7898561358451843
1985-03-01,0.7112599611282349
1985-03-02,0.5903379917144777
1985-03-03,0.6357338428497313
1985-03-04,0.6932594180107117
1985-03-05,0.6746488809585572
1985-03-06,0.6693570613861084
1985-03-07,0.6858537197113037
1985-03-08,0.722521483898163
1985-03-09,0.8226092457771301
1985-03-10,0.8916343450546264
1985-03-11,0.8663161396980285
1985-03-12,0.8161203265190125
1985-03-13,0.8326770663261412
1985-03-14,0.914281487464905
1985-03-15,0.9295359849929808
1985-03-16,1.0668774843215942
1985-03-17,1.1418946981430051
1985-03-18,0.995301604270935
1985-03-19,0.9488525390625
1985-03-20,0.9511004686355592
1985-03-21,0.8493779897689819
1985-03-22,0.7492237091064453
1985-03-23,0.7962597608566285
1985-03-24,0.754129469394684
1985-03-25,0.7742407917976379
1985-03-26,0.7243582010269165
1985-03-27,0.7611593008041382
1985-03-28,0.8088956475257874
1985-03-29,0.808265209197998
1985-03-30,0.9354820251464844
1985-03-31,1.1266065835952759
1985-04-01,1.3824254274368286
1985-04-02,1.3847366571426392
1985-04-03,1.1896643638610842
1985-04-04,0.9506633877754213
1985-04-05,1.0587997436523435
1985-04-06,1.2411764860153198
1985-04-07,1.4843075275421145
1985-04-08,1.5408035516738892
1985-04-09,1.7466541528701784
1985-04-10,1.8438894748687744
1985-04-11,1.4063258171081543
1985-04-12,1.479383945465088
1985-04-13,1.7389776706695554
1985-04-14,1.6602891683578493
1985-04-15,1.5383186340332031
1985-04-16,1.3828659057617188
1985-04-17,1.172677993774414
1985-04-18,1.058704495429993
1985-04-19,0.923222541809082
1985-04-20,0.8626721501350403
1985-04-21,0.8885078430175781
1985-04-22,1.015260934829712
1985-04-23,1.006869912147522
1985-04-24,0.994382381439209
1985-04-25,0.9595391750335692
1985-04-26,1.093747615814209
1985-04-27,1.2469732761383057
1985-04-28,1.267817497253418
1985-04-29,1.1831985712051392
1985-04-30,1.4606786966323853
1985-05-01,1.8630160093307493
1985-05-02,1.85605788230896
1985-05-03,1.4539090394973753
1985-05-04,1.1354446411132812
1985-05-05,1.2022528648376465
1985-05-06,1.3619271516799927
1985-05-07,1.3151390552520752
1985-05-08,1.2462037801742551
1985-05-09,1.3159782886505127
1985-05-10,1.2700698375701904
1985-05-11,1.0746271610260008
1985-05-12,1.1701409816741943
1985-05-13,1.3505629301071167
1985-05-14,1.298990249633789
1985-05-15,1.5002713203430174
1985-05-16,2.266160488128662
1985-05-17,2.456127166748047
1985-05-18,2.295959949493408
1985-05-19,1.8349549770355225
1985-05-20,1.6627291440963743
1985-05-21,2.0039753913879395
1985-05-22,2.4179949760437007
1985-05-23,2.560130834579468
1985-05-24,2.181807994842529
1985-05-25,1.8878592252731323
1985-05-26,1.847253441810608
1985-05-27,1.887531280517578
1985-05-28,1.7083525657653809
1985-05-29,1.5484540462493896
1985-05-30,1.5673812627792358
1985-05-31,1.8800938129425049
1985-06-01,1.8026390075683596
1985-06-02,1.6266934871673584
1985-06-03,1.9182820320129397
1985-06-04,2.0418546199798584
1985-06-05,1.7644597291946413
1985-06-06,1.791150093078613
1985-06-07,1.7974741458892824
1985-06-08,1.6883496046066284
1985-06-09,1.8302742242813113
1985-06-10,2.1429088115692134
1985-06-11,2.62002944946289
1985-06-12,2.4859519004821777
1985-06-13,1.9697101116180415
1985-06-14,1.9964574575424197
1985-06-15,1.9471246004104612
1985-06-16,1.9602835178375244
1985-06-17,2.6393029689788814
1985-06-18,3.3267617225646973
1985-06-19,3.2071466445922847
1985-06-20,2.5243844985961914
1985-06-21,2.3685574531555167
1985-06-22,2.1014008522033687
1985-06-23,1.7150419950485227
1985-06-24,1.5562297105789185
1985-06-25,1.8077117204666135
1985-06-26,2.294420480728149
1985-06-27,2.31879997253418
1985-06-28,1.9935522079467771
1985-06-29,2.016383171081543
1985-06-30,1.9429811239242556
1985-07-01,2.3968520164489746
1985-07-02,2.962698459625244
1985-07-03,3.0448772907257085
1985-07-04,2.813881158828736
1985-07-05,2.366510152816773
1985-07-06,2.4036402702331543
1985-07-07,2.684391021728516
1985-07-08,3.099509239196777
1985-07-09,3.3908505439758296
1985-07-10,2.920149564743041
1985-07-11,2.6089062690734863
1985-07-12,2.391868829727173
1985-07-13,2.134333848953247
1985-07-14,2.5850284099578857
1985-07-15,2.664907217025757
1985-07-16,2.4440038204193115
1985-07-17,2.4703342914581294
1985-07-18,2.9829626083374023
1985-07-19,3.377202033996582
1985-07-20,3.366595268249512
1985-07-21,2.9860110282897945
1985-07-22,2.6300067901611324
1985-07-23,2.3490998744964604
1985-07-24,2.085681915283203
1985-07-25,2.246196746826172
1985-07-26,2.54601526260376
1985-07-27,2.649192571640014
1985-07-28,2.9147641658782963
1985-07-29,3.1308889389038086
1985-07-30,2.8359541893005367
1985-07-31,1.9591211080551147
1985-08-01,1.807991981506348
1985-08-02,1.7887655496597288
1985-08-03,2.0375463962554927
1985-08-04,2.054946422576904
1985-08-05,1.8471330404281616
1985-08-06,1.9729212522506716
1985-08-07,1.8055561780929563
1985-08-08,1.5028852224349978
1985-08-09,1.5108908414840698
1985-08-10,1.5623111724853516
1985-08-11,1.8236685991287231
1985-08-12,2.022022008895874
1985-08-13,2.1943137645721436
1985-08-14,2.4502003192901607
1985-08-15,2.3155789375305167
1985-08-16,2.217080593109131
1985-08-17,2.448407888412475
1985-08-18,2.3505113124847408
1985-08-19,1.8414443731307983
1985-08-20,1.414943337440491
1985-08-21,1.484205961227417
1985-08-22,1.748918890953064
1985-08-23,2.087112665176392
1985-08-24,2.4732978343963623
1985-08-25,2.23842978477478
1985-08-26,2.0598285198211665
1985-08-27,1.879486322402954
1985-08-28,1.6247203350067139
1985-08-29,1.6687859296798708
1985-08-30,1.7752649784088137
1985-08-31,1.4744889736175537
1985-09-01,1.4995524883270266
1985-09-02,1.461142659187317
1985-09-03,1.5400136709213257
1985-09-04,1.5149199962615965
1985-09-05,1.459843277931213
1985-09-06,1.2413251399993896
1985-09-07,1.2383294105529783
1985-09-08,1.2984551191329956
1985-09-09,1.3709462881088257
1985-09-10,1.4498533010482788
1985-09-11,1.4754450321197505
1985-09-12,1.4251722097396848
1985-09-13,1.4445841312408447
1985-09-14,1.4201376438140867
1985-09-15,1.3228280544281006
1985-09-16,1.2696086168289182
1985-09-17,1.1554981470108032
1985-09-18,1.244747281074524
1985-09-19,1.3702594041824339
1985-09-20,1.423381686210632
1985-09-21,1.3787825107574463
1985-09-22,1.3129163980484009
1985-09-23,1.3653069734573364
1985-09-24,1.4983530044555664
1985-09-25,1.5939137935638428
1985-09-26,1.6424713134765625
1985-09-27,1.4084627628326416
1985-09-28,1.2083575725555422
1985-09-29,1.2120362520217896
1985-09-30,1.285357117652893
1985-10-01,1.3469488620758057
1985-10-02,1.2647604942321775
1985-10-03,1.200188755989075
1985-10-04,1.2015564441680908
1985-10-05,1.367253303527832
1985-10-06,1.1714463233947752
1985-10-07,0.8244686722755432
1985-10-08,0.7401860952377318
1985-10-09,0.801226258277893
1985-10-10,0.97053986787796
1985-10-11,1.0416886806488037
1985-10-12,0.9316974282264706
1985-10-13,0.941511869430542
1985-10-14,1.1057510375976562
1985-10-15,1.3134479522705078
1985-10-16,1.1109752655029297
1985-10-17,1.004128098487854
1985-10-18,1.164101481437683
1985-10-19,1.1567288637161255
1985-10-20,1.083608031272888
1985-10-21,0.9381605982780454
1985-10-22,0.8809202313423155
1985-10-23,0.8906307816505432
1985-10-24,0.9493482112884518
1985-10-25,0.9303272962570192
1985-10-26,0.8383014798164365
1985-10-27,0.9762240052223204
1985-10-28,0.7982325553894043
1985-10-29,0.7027598023414612
1985-10-30,0.7386756539344786
1985-10-31,0.7063441872596741
1985-11-01,0.8972673416137695
1985-11-02,1.0277760028839111
1985-11-03,0.9967442154884338
1985-11-04,0.799367666244507
1985-11-05,0.6891699433326721
1985-11-06,0.744408369064331
1985-11-07,0.7389264702796936
1985-11-08,0.6435744166374207
1985-11-09,0.5521894097328186
1985-11-10,0.4658352136611937
1985-11-11,0.41453802585601807
1985-11-12,0.4070467948913575
1985-11-13,0.4715121090412141
1985-11-14,0.4855182468891144
1985-11-15,0.5435496568679808
1985-11-16,0.5974578857421875
1985-11-17,0.4777054786682129
1985-11-18,0.39488524198532093
1985-11-19,0.3781069219112396
1985-11-20,0.3423176109790802
1985-11-21,0.289915531873703
1985-11-22,0.2474271208047867
1985-11-23,0.19583386182785037
1985-11-24,0.2194082736968994
1985-11-25,0.2462223768234253
1985-11-26,0.3031552135944366
1985-11-27,0.27258569002151484
1985-11-28,0.2163470089435577
1985-11-29,0.2259501516819
1985-11-30,0.22426170110702515
1985-12-01,0.2000846564769745
1985-12-02,0.268587738275528
1985-12-03,0.44311845302581787
1985-12-04,0.5919210314750671
1985-12-05,0.5796454548835753
1985-12-06,0.5701134800910949
1985-12-07,0.5473695397377015
1985-12-08,0.4762280285358429
1985-12-09,0.4456563293933869
1985-12-10,0.3973846435546875
1985-12-11,0.37954393029212957
1985-12-12,0.4298923313617706
1985-12-13,0.451884537935257
1985-12-14,0.4643621444702148
1985-12-15,0.530156135559082
1985-12-16,0.5338046550750732
1985-12-17,0.5449093580245972
1985-12-18,0.4955836534500122
1985-12-19,0.4685989916324616
1985-12-20,0.4136717021465302
1985-12-21,0.4567751586437225
1985-12-22,0.4575080275535584
1985-12-23,0.4681232273578643
1985-12-24,0.4409120976924896
1985-12-25,0.4179340302944183
1985-12-26,0.4414176642894745
1985-12-27,0.4320932030677795
1985-12-28,0.3430631458759308
1985-12-29,0.40969517827033997
1985-12-30,0.4011279344558716
1985-12-31,0.4112726449966432
1986-01-01,0.464945912361145
1986-01-02,0.4253147244453431
1986-01-03,0.4908026158809661
1986-01-04,0.4329593181610107
1986-01-05,0.4963674247264862
1986-01-06,0.5641100406646729
1986-01-07,0.5440641045570374
1986-01-08,0.6357440948486328
1986-01-09,0.6430274844169617
1986-01-10,0.7039812207221985
1986-01-11,0.6977673768997192
1986-01-12,0.664014995098114
1986-01-13,0.6905603408813477
1986-01-14,0.6327645778656005
1986-01-15,0.6273635029792786
1986-01-16,0.6356546878814697
1986-01-17,0.6349999904632568
1986-01-18,0.7451868057250975
1986-01-19,0.7291664481163026
1986-01-20,0.5408844351768493
1986-01-21,0.5389979481697083
1986-01-22,0.5455299019813538
1986-01-23,0.6341779232025146
1986-01-24,0.5834867358207703
1986-01-25,0.5861300826072692
1986-01-26,0.6274668574333192
1986-01-27,0.7200539708137512
1986-01-28,0.6242169737815857
1986-01-29,0.6677492856979369
1986-01-30,0.7290730476379393
1986-01-31,0.776451587677002
1986-02-01,0.8112631440162656
1986-02-02,0.687208890914917
1986-02-03,0.713818907737732
1986-02-04,0.6616035103797911
1986-02-05,0.6021555066108704
1986-02-06,0.5947955250740051
1986-02-07,0.5426933765411377
1986-02-08,0.5850303769111633
1986-02-09,0.581377625465393
1986-02-10,0.5338748097419738
1986-02-11,0.4971114397048951
1986-02-12,0.4827973246574401
1986-02-13,0.4354905784130096
1986-02-14,0.437871515750885
1986-02-15,0.537240207195282
1986-02-16,0.5874168276786804
1986-02-17,0.4682368636131287
1986-02-18,0.42057439684867853
1986-02-19,0.3701039552688599
1986-02-20,0.4761321246623993
1986-02-21,0.5876608490943909
1986-02-22,0.6996766328811646
1986-02-23,0.9347673058509826
1986-02-24,1.2497704029083254
1986-02-25,1.1521024703979492
1986-02-26,1.0564993619918823
1986-02-27,1.1283206939697263
1986-02-28,1.227248787879944
1986-03-01,1.082120895385742
1986-03-02,1.0506980419158936
1986-03-03,1.0936144590377808
1986-03-04,1.2310026884078977
1986-03-05,0.9964871406555174
1986-03-06,1.137440204620361
1986-03-07,1.0598293542861938
1986-03-08,0.954444110393524
1986-03-09,0.9283803105354306
1986-03-10,0.909708559513092
1986-03-11,0.9670256376266482
1986-03-12,0.8890824317932129
1986-03-13,0.8143228888511657
1986-03-14,0.8218137621879578
1986-03-15,0.7835517525672911
1986-03-16,0.878933072090149
1986-03-17,0.8373875021934509
1986-03-18,0.8865855932235717
1986-03-19,1.161123752593994
1986-03-20,1.3026809692382812
1986-03-21,1.124262452125549
1986-03-22,0.8742297291755676
1986-03-23,0.9359295368194578
1986-03-24,0.8681906461715698
1986-03-25,0.8680211305618286
1986-03-26,1.1055332422256468
1986-03-27,1.3662561178207395
1986-03-28,1.186384081840515
1986-03-29,1.0853533744812012
1986-03-30,0.9880251884460448
1986-03-31,0.917657375335693
1986-04-01,0.9467093348503112
1986-04-02,0.968682050704956
1986-04-03,1.0401691198349
1986-04-04,0.9916234612464904
1986-04-05,1.0419374704360962
1986-04-06,1.31586492061615
1986-04-07,1.558950066566467
1986-04-08,1.3773641586303713
1986-04-09,0.9433756470680236
1986-04-10,0.838094651699066
1986-04-11,0.924267530441284
1986-04-12,0.907432496547699
1986-04-13,0.8961049318313599
1986-04-14,1.0310698747634888
1986-04-15,1.1347259283065798
1986-04-16,1.0166840553283691
1986-04-17,1.0527650117874143
1986-04-18,0.9802902340888976
1986-04-19,1.174316167831421
1986-04-20,1.6562657356262207
1986-04-21,1.608974099159241
1986-04-22,1.0436238050460815
1986-04-23,0.8787814378738404
1986-04-24,0.9220194816589355
1986-04-25,0.9477692246437072
1986-04-26,1.042778730392456
1986-04-27,1.1007120609283447
1986-04-28,0.9907914996147156
1986-04-29,0.9064500331878662
1986-04-30,1.0406750440597534
1986-05-01,1.3124173879623413
1986-05-02,1.4073858261108398
1986-05-03,1.344264268875122
1986-05-04,1.258185386657715
1986-05-05,1.176060438156128
1986-05-06,1.1198232173919678
1986-05-07,1.1951360702514648
1986-05-08,1.2986886501312256
1986-05-09,1.2383941411972048
1986-05-10,1.0946495532989502
1986-05-11,1.1056066751480103
1986-05-12,1.2459781169891355
1986-05-13,1.155535340309143
1986-05-14,1.1376055479049683
1986-05-15,1.2594201564788818
1986-05-16,1.5144250392913818
1986-05-17,1.723256468772888
1986-05-18,1.90008807182312
1986-05-19,2.037776231765747
1986-05-20,1.6486958265304563
1986-05-21,1.2380675077438354
1986-05-22,1.2903765439987183
1986-05-23,1.6201598644256592
1986-05-24,2.3370137214660645
1986-05-25,2.9230153560638423
1986-05-26,2.4910242557525635
1986-05-27,2.3488776683807377
1986-05-28,2.46786379814148
1986-05-29,2.8308768272399902
1986-05-30,3.2229630947113037
1986-05-31,3.4385962486267085
1986-06-01,2.8909335136413574
1986-06-02,2.7732186317443843
1986-06-03,2.549149513244629
1986-06-04,2.211997032165528
1986-06-05,2.0000157356262207
1986-06-06,1.7932851314544676
1986-06-07,1.561727046966553
1986-06-08,1.4992271661758425
1986-06-09,1.7141159772872925
1986-06-10,2.50311541557312
1986-06-11,2.48742938041687
1986-06-12,2.558755159378052
1986-06-13,2.9690370559692383
1986-06-14,2.3954699039459233
1986-06-15,1.7202292680740354
1986-06-16,1.80235207080841
1986-06-17,1.889320850372314
1986-06-18,1.5640915632247925
1986-06-19,1.6275423765182493
1986-06-20,1.683826208114624
1986-06-21,1.9575039148330688
1986-06-22,2.539853572845459
1986-06-23,2.8722114562988286
1986-06-24,2.3380546569824214
1986-06-25,2.2556765079498287
1986-06-26,2.3715298175811768
1986-06-27,2.678157806396485
1986-06-28,2.3141705989837646
1986-06-29,1.724448323249817
1986-06-30,2.042285203933716
1986-07-01,2.30263352394104
1986-07-02,1.9274713993072508
1986-07-03,1.6072338819503782
1986-07-04,1.4744970798492432
1986-07-05,1.7100754976272583
1986-07-06,2.1521568298339844
1986-07-07,2.455772638320923
1986-07-08,2.221510171890259
1986-07-09,2.050667285919189
1986-07-10,1.8881049156188965
1986-07-11,1.8346550464630127
1986-07-12,1.7975904941558836
1986-07-13,1.9516079425811768
1986-07-14,1.7811983823776243
1986-07-15,1.5381838083267212
1986-07-16,1.419030785560608
1986-07-17,1.6922993659973147
1986-07-18,2.0468852519989014
1986-07-19,2.38174819946289
1986-07-20,2.7132287025451665
1986-07-21,2.5858232975006104
1986-07-22,2.318952798843384
1986-07-23,1.965115308761597
1986-07-24,2.1517884731292725
1986-07-25,2.064981460571289
1986-07-26,1.7482529878616333
1986-07-27,1.738319635391235
1986-07-28,1.7973622083663938
1986-07-29,1.7786883115768433
1986-07-30,1.956780314445496
1986-07-31,2.3443591594696045
1986-08-01,2.7843830585479736
1986-08-02,3.0093915462493896
1986-08-03,2.60293960571289
1986-08-04,2.2844529151916504
1986-08-05,2.261475801467896
1986-08-06,2.6080844402313232
1986-08-07,3.065001010894776
1986-08-08,3.2817146778106685
1986-08-09,3.3060605525970455
1986-08-10,2.8035724163055415
1986-08-11,1.8574414253234863
1986-08-12,1.9399726390838623
1986-08-13,2.3821280002593994
1986-08-14,2.54967737197876
1986-08-15,2.2189781665802
1986-08-16,2.205244779586792
1986-08-17,2.318870782852173
1986-08-18,2.405959367752075
1986-08-19,2.0644242763519287
1986-08-20,2.3878378868103023
1986-08-21,2.500983953475952
1986-08-22,2.504502534866333
1986-08-23,2.261873960494995
1986-08-24,2.0465903282165527
1986-08-25,2.2994723320007324
1986-08-26,2.7059171199798584
1986-08-27,3.0910522937774654
1986-08-28,2.44192123413086
1986-08-29,1.6761499643325803
1986-08-30,1.5202937126159668
1986-08-31,1.6008017063140867
1986-09-01,1.6746174097061155
1986-09-02,1.7277281284332275
1986-09-03,1.9990333318710327
1986-09-04,2.1858322620391846
1986-09-05,2.1660244464874268
1986-09-06,1.9429506063461304
1986-09-07,1.7881808280944824
1986-09-08,1.4045385122299192
1986-09-09,1.3562333583831787
1986-09-10,1.2041136026382446
1986-09-11,1.1952965259552002
1986-09-12,1.3202378749847412
1986-09-13,1.16399884223938
1986-09-14,1.1890147924423216
1986-09-15,1.1352019309997559
1986-09-16,1.2410109043121336
1986-09-17,1.0850541591644287
1986-09-18,1.205782055854797
1986-09-19,1.23768413066864
1986-09-20,1.1513377428054807
1986-09-21,1.2538723945617676
1986-09-22,1.2661807537078855
1986-09-23,1.1148053407669067
1986-09-24,1.0693496465682983
1986-09-25,1.0936733484268188
1986-09-26,1.1530865430831907
1986-09-27,1.113758563995361
1986-09-28,1.1922442913055422
1986-09-29,1.3129175901412964
1986-09-30,1.2182743549346924
1986-10-01,1.1725367307662964
1986-10-02,1.2083700895309448
1986-10-03,1.217219591140747
1986-10-04,1.370916724205017
1986-10-05,1.6497923135757446
1986-10-06,1.5859878063201904
1986-10-07,1.3901937007904053
1986-10-08,1.389060139656067
1986-10-09,1.3035249710083008
1986-10-10,1.1321371793746946
1986-10-11,1.1076008081436157
1986-10-12,1.2072540521621704
1986-10-13,1.2918821573257446
1986-10-14,1.188839316368103
1986-10-15,1.1971341371536257
1986-10-16,1.2164450883865356
1986-10-17,1.2132350206375122
1986-10-18,1.1225355863571167
1986-10-19,1.1924977302551267
1986-10-20,1.2022486925125122
1986-10-21,1.2249046564102173
1986-10-22,1.1151654720306396
1986-10-23,1.2584825754165647
1986-10-24,1.2808514833450315
1986-10-25,1.2486999034881592
1986-10-26,1.25746488571167
1986-10-27,1.1385943889617922
1986-10-28,1.0345385074615479
1986-10-29,1.0172390937805176
1986-10-30,0.9792526960372924
1986-10-31,0.9984341859817506
1986-11-01,0.958932399749756
1986-11-02,1.0416934490203855
1986-11-03,1.0032349824905396
1986-11-04,1.0233176946640015
1986-11-05,0.8782269954681395
1986-11-06,0.7519395351409912
1986-11-07,0.6533336043357848
1986-11-08,0.5814764499664306
1986-11-09,0.4804340302944183
1986-11-10,0.4567103683948517
1986-11-11,0.6689676642417908
1986-11-12,0.57377028465271
1986-11-13,0.6245830655097961
1986-11-14,0.68712317943573
1986-11-15,0.6554574370384216
1986-11-16,0.6871161460876465
1986-11-17,0.6081786751747131
1986-11-18,0.7140950560569764
1986-11-19,0.7559296488761901
1986-11-20,0.8420625329017638
1986-11-21,0.6803243756294249
1986-11-22,0.6577468514442444
1986-11-23,0.8265925049781798
1986-11-24,0.6708663702011108
1986-11-25,0.5915125608444214
1986-11-26,0.6511586308479309
1986-11-27,0.668201744556427
1986-11-28,0.604032278060913
1986-11-29,0.524698257446289
1986-11-30,0.5420866012573242
1986-12-01,0.5771292448043823
1986-12-02,0.4565100073814392
1986-12-03,0.4430985748767853
1986-12-04,0.453641951084137
1986-12-05,0.5068742632865906
1986-12-06,0.5039499402046204
1986-12-07,0.5035145878791809
1986-12-08,0.44490897655487055
1986-12-09,0.43580985069274897
1986-12-10,0.43024173378944397
1986-12-11,0.37037354707717896
1986-12-12,0.4879048168659209
1986-12-13,0.4221526384353638
1986-12-14,0.479588121175766
1986-12-15,0.5606207847595215
1986-12-16,0.4691854417324065
1986-12-17,0.467505544424057
1986-12-18,0.4432601034641266
1986-12-19,0.4703421294689178
1986-12-20,0.4927273094654083
1986-12-21,0.5243873000144958
1986-12-22,0.6189512610435485
1986-12-23,0.6305473446846008
1986-12-24,0.5889841914176941
1986-12-25,0.541152834892273
1986-12-26,0.6446934938430785
1986-12-27,0.6153558492660521
1986-12-28,0.529154062271118
1986-12-29,0.6129211783409119
1986-12-30,0.5520569682121276
1986-12-31,0.4913292229175569
1987-01-01,0.5440916419029236
1987-01-02,0.590612769126892
1987-01-03,0.6322709918022156
1987-01-04,0.5611105561256409
1987-01-05,0.4807936251163482
1987-01-06,0.42910766601562494
1987-01-07,0.3972932696342468
1987-01-08,0.39429220557212824
1987-01-09,0.3922629356384276
1987-01-10,0.4495256543159485
1987-01-11,0.5731032490730285
1987-01-12,0.6097990274429321
1987-01-13,0.5048162341117859
1987-01-14,0.41631266474723816
1987-01-15,0.36712104082107533
1987-01-16,0.38641211390495295
1987-01-17,0.4542349278926849
1987-01-18,0.4966592788696288
1987-01-19,0.4566768407821655
1987-01-20,0.5167201757431031
1987-01-21,0.4848861992359161
1987-01-22,0.5066218376159668
1987-01-23,0.5072883367538451
1987-01-24,0.5359347462654114
1987-01-25,0.5948449969291688
1987-01-26,0.6324500441551208
1987-01-27,0.6858843564987183
1987-01-28,0.6763587594032288
1987-01-29,0.6619247794151306
1987-01-30,0.672780990600586
1987-01-31,0.645532727241516
1987-02-01,0.7143701910972595
1987-02-02,0.6060935258865356
1987-02-03,0.7051784992218016
1987-02-04,0.7254229187965394
1987-02-05,0.8327530622482301
1987-02-06,0.864901602268219
1987-02-07,0.8119511008262633
1987-02-08,0.9333366751670836
1987-02-09,0.961558759212494
1987-02-10,0.9235360026359558
1987-02-11,0.8930732011795045
1987-02-12,0.7973104119300841
1987-02-13,0.8679867386817933
1987-02-14,0.7489821910858153
1987-02-15,0.7457079887390136
1987-02-16,0.7552336454391478
1987-02-17,0.6449947357177734
1987-02-18,0.6245876550674438
1987-02-19,0.7188020944595337
1987-02-20,0.7792295217514038
1987-02-21,0.746918797492981
1987-02-22,0.657780110836029
1987-02-23,0.6542832851409912
1987-02-24,0.6514595746994019
1987-02-25,0.6199108958244324
1987-02-26,0.6271283030509949
1987-02-27,0.6891279220581055
1987-02-28,0.668550431728363
1987-03-01,0.7145580053329468
1987-03-02,0.8473258018493651
1987-03-03,1.0353540182113647
1987-03-04,1.2360705137252808
1987-03-05,1.15357768535614
1987-03-06,0.9461448788642882
1987-03-07,0.850979447364807
1987-03-08,0.9127125740051266
1987-03-09,0.95101660490036
1987-03-10,0.9799314141273499
1987-03-11,0.9888452887535096
1987-03-12,1.036354422569275
1987-03-13,0.9960710406303404
1987-03-14,0.8925443291664124
1987-03-15,0.9128613471984864
1987-03-16,0.9009862542152404
1987-03-17,0.8891593813896179
1987-03-18,0.8186350464820861
1987-03-19,0.79131817817688
1987-03-20,0.8423641920089722
1987-03-21,0.9468206167221068
1987-03-22,1.0316656827926636
1987-03-23,1.0078312158584595
1987-03-24,0.943291127681732
1987-03-25,0.9032696485519408
1987-03-26,0.8076536655426025
1987-03-27,0.7874640822410583
1987-03-28,0.8624992966651917
1987-03-29,0.9582995772361756
1987-03-30,1.263780117034912
1987-03-31,1.5287736654281616
1987-04-01,1.6576393842697144
1987-04-02,1.734726309776306
1987-04-03,1.5506386756896973
1987-04-04,1.1208455562591553
1987-04-05,1.20608913898468
1987-04-06,1.132973313331604
1987-04-07,1.2167288064956665
1987-04-08,1.0695003271102903
1987-04-09,1.0939669609069824
1987-04-10,1.1414968967437744
1987-04-11,0.989675760269165
1987-04-12,1.0408220291137695
1987-04-13,1.3167451620101929
1987-04-14,1.4963349103927615
1987-04-15,1.3413507938385008
1987-04-16,1.2340136766433716
1987-04-17,1.0296231508255005
1987-04-18,0.9139543175697326
1987-04-19,0.950475037097931
1987-04-20,1.1428183317184448
1987-04-21,1.4579418897628784
1987-04-22,1.4857412576675417
1987-04-23,1.4470645189285276
1987-04-24,1.3098911046981812
1987-04-25,1.357663631439209
1987-04-26,1.7306015491485596
1987-04-27,2.3659653663635254
1987-04-28,2.267762184143066
1987-04-29,1.9650164842605593
1987-04-30,1.649158000946045
1987-05-01,1.3270249366760254
1987-05-02,1.1984009742736816
1987-05-03,1.4247881174087524
1987-05-04,1.7820076942443848
1987-05-05,2.202827215194702
1987-05-06,2.4571433067321777
1987-05-07,2.8182067871093754
1987-05-08,3.0140712261199947
1987-05-09,2.8536703586578374
1987-05-10,2.4718685150146484
1987-05-11,2.351901769638061
1987-05-12,1.716393232345581
1987-05-13,1.6201388835906982
1987-05-14,1.89817476272583
1987-05-15,1.637632727622986
1987-05-16,1.409431219100952
1987-05-17,1.5827373266220095
1987-05-18,1.3305428028106687
1987-05-19,1.2706758975982666
1987-05-20,1.4826864004135132
1987-05-21,1.666515588760376
1987-05-22,1.7467526197433472
1987-05-23,1.7683342695236204
1987-05-24,1.9076962471008303
1987-05-25,1.915444254875183
1987-05-26,1.5329784154891968
1987-05-27,1.4769935607910156
1987-05-28,1.4997638463974
1987-05-29,1.7625159025192259
1987-05-30,1.756886839866638
1987-05-31,1.5061891078948972
1987-06-01,1.43088960647583
1987-06-02,1.8524829149246211
1987-06-03,2.4012587070465083
1987-06-04,3.0899996757507324
1987-06-05,2.52344298362732
1987-06-06,2.124616384506225
1987-06-07,2.685974597930908
1987-06-08,2.392687559127808
1987-06-09,1.926624059677124
1987-06-10,1.7960387468338013
1987-06-11,2.3820278644561768
1987-06-12,2.454094409942627
1987-06-13,2.715853691101074
1987-06-14,2.688812494277954
1987-06-15,2.1157071590423584
1987-06-16,1.4800963401794431
1987-06-17,1.606523871421814
1987-06-18,2.1118309497833248
1987-06-19,2.3610057830810542
1987-06-20,2.193764448165893
1987-06-21,1.6810456514358523
1987-06-22,1.6545493602752686
1987-06-23,1.845113039016724
1987-06-24,2.4045698642730713
1987-06-25,2.925334930419922
1987-06-26,3.2560551166534424
1987-06-27,3.0851166248321533
1987-06-28,3.1808226108551025
1987-06-29,3.6414384841918954
1987-06-30,3.706686973571777
1987-07-01,3.18572449684143
1987-07-02,2.372983455657959
1987-07-03,2.1652064323425284
1987-07-04,1.9832799434661863
1987-07-05,1.6769748926162718
1987-07-06,1.817659497261048
1987-07-07,1.8444397449493408
1987-07-08,1.7564624547958374
1987-07-09,1.7124863862991333
1987-07-10,1.9937609434127808
1987-07-11,2.5655026435852046
1987-07-12,2.9592673778533936
1987-07-13,3.1307852268218994
1987-07-14,3.020788908004761
1987-07-15,2.2058396339416504
1987-07-16,1.7851366996765137
1987-07-17,1.8245197534561155
1987-07-18,2.0601961612701416
1987-07-19,2.127790212631225
1987-07-20,2.268082857131958
1987-07-21,2.491174459457397
1987-07-22,2.212639570236206
1987-07-23,2.239901542663574
1987-07-24,2.3757646083831787
1987-07-25,2.256673574447632
1987-07-26,2.4312543869018555
1987-07-27,2.268162250518799
1987-07-28,2.1445758342742915
1987-07-29,2.084038496017456
1987-07-30,1.9218398332595823
1987-07-31,1.6880224943161013
1987-08-01,1.7422746419906616
1987-08-02,1.9807062149047847
1987-08-03,2.5036511421203618
1987-08-04,2.5156986713409424
1987-08-05,2.0496683120727535
1987-08-06,1.880555748939514
1987-08-07,2.5071160793304443
1987-08-08,2.7725117206573486
1987-08-09,2.8372266292572017
1987-08-10,2.013844966888428
1987-08-11,1.8625754117965696
1987-08-12,1.819191217422485
1987-08-13,1.6564317941665647
1987-08-14,1.607671618461609
1987-08-15,1.5259134769439695
1987-08-16,1.4804625511169434
1987-08-17,1.697845220565796
1987-08-18,1.9042106866836548
1987-08-19,1.9500451087951665
1987-08-20,1.6948604583740234
1987-08-21,1.660039663314819
1987-08-22,1.975878953933716
1987-08-23,2.211155414581299
1987-08-24,2.2921602725982666
1987-08-25,2.3029654026031494
1987-08-26,2.2771248817443843
1987-08-27,2.3021647930145264
1987-08-28,2.0792527198791504
1987-08-29,2.112501859664917
1987-08-30,2.4770829677581787
1987-08-31,2.785010814666748
1987-09-01,2.788591384887696
1987-09-02,1.8641076087951665
1987-09-03,1.4831209182739256
1987-09-04,1.7910190820693968
1987-09-05,2.076974391937256
1987-09-06,2.2119278907775874
1987-09-07,2.188310146331787
1987-09-08,1.932838797569275
1987-09-09,1.9969820976257329
1987-09-10,2.064812183380127
1987-09-11,1.9882537126541135
1987-09-12,1.4964464902877808
1987-09-13,1.2787030935287476
1987-09-14,1.3223562240600586
1987-09-15,1.1279119253158567
1987-09-16,1.1614141464233398
1987-09-17,1.3351850509643555
1987-09-18,1.4757792949676514
1987-09-19,1.554919958114624
1987-09-20,1.7434332370758054
1987-09-21,1.9268120527267456
1987-09-22,2.008579969406128
1987-09-23,1.9761236906051636
1987-09-24,1.7986342906951907
1987-09-25,1.1859877109527588
1987-09-26,1.0329202413558962
1987-09-27,1.069358468055725
1987-09-28,1.2906757593154907
1987-09-29,1.440590739250183
1987-09-30,1.7477105855941772
1987-10-01,1.8381261825561523
1987-10-02,1.7618328332900999
1987-10-03,1.324441909790039
1987-10-04,1.2444303035736084
1987-10-05,1.387778401374817
1987-10-06,1.3488256931304932
1987-10-07,1.4511563777923584
1987-10-08,1.324548363685608
1987-10-09,1.1185295581817627
1987-10-10,1.1602922677993774
1987-10-11,1.2560985088348389
1987-10-12,1.1308621168136597
1987-10-13,1.020255446434021
1987-10-14,0.8556085228919985
1987-10-15,0.8431437611579894
1987-10-16,0.858318030834198
1987-10-17,0.8337059020996093
1987-10-18,0.82550185918808
1987-10-19,0.8455566167831421
1987-10-20,0.9679089784622192
1987-10-21,1.0135506391525269
1987-10-22,0.9180153608322144
1987-10-23,0.8805285096168518
1987-10-24,0.8267809748649597
1987-10-25,0.8107643127441407
1987-10-26,0.8440312147140504
1987-10-27,0.813787579536438
1987-10-28,0.9232203364372252
1987-10-29,0.993199050426483
1987-10-30,0.9680423736572265
1987-10-31,0.8913164734840394
1987-11-01,0.8583838939666749
1987-11-02,0.7734789848327634
1987-11-03,0.7230867743492126
1987-11-04,0.7706252336502075
1987-11-05,0.8193371295928955
1987-11-06,0.7903202176094054
1987-11-07,0.7437031865119935
1987-11-08,0.7221266031265257
1987-11-09,0.7837517261505128
1987-11-10,0.7422174215316772
1987-11-11,0.8328507542610168
1987-11-12,0.8399102091789244
1987-11-13,0.7102741003036499
1987-11-14,0.609980046749115
1987-11-15,0.5935290455818176
1987-11-16,0.5386440753936768
1987-11-17,0.4833734631538391
1987-11-18,0.5679466724395752
1987-11-19,0.6645347476005554
1987-11-20,0.7690169215202332
1987-11-21,0.709770679473877
1987-11-22,0.6354163289070129
1987-11-23,0.671352207660675
1987-11-24,0.6848827600479126
1987-11-25,0.6050449013710021
1987-11-26,0.5780852437019348
1987-11-27,0.5902737379074097
1987-11-28,0.5366287231445312
1987-11-29,0.4935077726840973
1987-11-30,0.5456919074058533
1987-12-01,0.6222047209739685
1987-12-02,0.6323856115341187
1987-12-03,0.710048258304596
1987-12-04,0.6232647895812988
1987-12-05,0.6210989356040955
1987-12-06,0.7384150624275206
1987-12-07,0.6478028297424318
1987-12-08,0.6051411032676696
1987-12-09,0.6684765815734863
1987-12-10,0.6396350860595703
1987-12-11,0.5062531232833862
1987-12-12,0.44014856219291687
1987-12-13,0.39165908098220825
1987-12-14,0.3892890810966492
1987-12-15,0.3592250049114227
1987-12-16,0.38601791858673096
1987-12-17,0.36272555589675903
1987-12-18,0.39701884984970087
1987-12-19,0.3969108164310455
1987-12-20,0.40838912129402166
1987-12-21,0.4977706670761107
1987-12-22,0.4643891751766204
1987-12-23,0.39832720160484314
1987-12-24,0.3765035271644592
1987-12-25,0.3457509875297546
1987-12-26,0.30153888463974005
1987-12-27,0.3222308158874512
1987-12-28,0.3760612607002258
1987-12-29,0.4387115240097046
1987-12-30,0.4640692472457885
1987-12-31,0.4211613833904265
1988-01-01,0.38365170359611517
1988-01-02,0.32120221853256226
1988-01-03,0.3159725368022919
1988-01-04,0.3651043772697449
1988-01-05,0.4022473096847534
1988-01-06,0.4143581390380859
1988-01-07,0.4203549921512604
1988-01-08,0.4170333147048951
1988-01-09,0.4731137454509735
1988-01-10,0.5467193722724915
1988-01-11,0.5093119740486145
1988-01-12,0.5167285799980164
1988-01-13,0.543694019317627
1988-01-14,0.667567253112793
1988-01-15,0.6281704902648925
1988-01-16,0.521187424659729
1988-01-17,0.4983848333358765
1988-01-18,0.4693264067173004
1988-01-19,0.44100883603096
1988-01-20,0.5039703845977783
1988-01-21,0.5635703206062317
1988-01-22,0.6369032859802246
1988-01-23,0.5521805286407471
1988-01-24,0.5641323328018188
1988-01-25,0.6843010783195496
1988-01-26,0.6478331685066223
1988-01-27,0.7135876417160033
1988-01-28,0.7827088236808778
1988-01-29,0.6793093681335448
1988-01-30,0.5207130908966064
1988-01-31,0.39330035448074335
1988-02-01,0.346541315317154
1988-02-02,0.394690066576004
1988-02-03,0.4906026721000671
1988-02-04,0.5392110347747802
1988-02-05,0.5647892355918884
1988-02-06,0.6637061238288879
1988-02-07,0.7526856660842894
1988-02-08,0.8143621087074278
1988-02-09,0.7786771059036256
1988-02-10,0.7872179746627807
1988-02-11,0.872339129447937
1988-02-12,0.8838931918144225
1988-02-13,0.769255459308624
1988-02-14,0.6973487734794616
1988-02-15,0.7157477140426636
1988-02-16,0.6288068890571594
1988-02-17,0.6822783946990967
1988-02-18,0.6945028305053711
1988-02-19,0.7853916883468628
1988-02-20,0.953857421875
1988-02-21,0.8041877150535583
1988-02-22,0.7299079895019532
1988-02-23,0.7530185580253601
1988-02-24,0.9260138869285583
1988-02-25,0.9600226879119872
1988-02-26,1.0987645387649536
1988-02-27,1.1845659017562864
1988-02-28,1.1100070476531982
1988-02-29,1.1213700771331787
1988-03-01,0.9994446039199828
1988-03-02,0.8874762058258056
1988-03-03,0.7726849913597107
1988-03-04,0.7679561972618102
1988-03-05,0.7538645267486573
1988-03-06,0.7299910783767699
1988-03-07,0.7947580218315123
1988-03-08,0.901139974594116
1988-03-09,0.7801620364189148
1988-03-10,0.6995072960853577
1988-03-11,0.7541174292564392
1988-03-12,0.8408050537109375
1988-03-13,0.9664822220802306
1988-03-14,0.8729329109191895
1988-03-15,0.8829848170280457
1988-03-16,0.9695771336555482
1988-03-17,1.0398820638656616
1988-03-18,1.1920388936996462
1988-03-19,1.276584029197693
1988-03-20,1.1128139495849607
1988-03-21,0.906202495098114
1988-03-22,0.901716411113739
1988-03-23,0.899608314037323
1988-03-24,0.8201683163642883
1988-03-25,0.9142056703567504
1988-03-26,0.9217184782028198
1988-03-27,0.7372782230377197
1988-03-28,0.7879228591918945
1988-03-29,0.8201513290405275
1988-03-30,0.8948262333869934
1988-03-31,1.0910612344741821
1988-04-01,1.1848706007003784
1988-04-02,1.130781650543213
1988-04-03,0.9557648897171022
1988-04-04,0.843917727470398
1988-04-05,0.9153512716293336
1988-04-06,1.02860689163208
1988-04-07,0.8675839304924012
1988-04-08,0.9332537651062014
1988-04-09,1.1055916547775269
1988-04-10,1.489246845245361
1988-04-11,1.6794193983078003
1988-04-12,1.7360154390335083
1988-04-13,1.7746551036834717
1988-04-14,1.426880955696106
1988-04-15,1.4218734502792358
1988-04-16,1.4222037792205808
1988-04-17,1.156524658203125
1988-04-18,1.1957881450653076
1988-04-19,1.3774698972702026
1988-04-20,1.62094247341156
1988-04-21,1.3631731271743774
1988-04-22,1.0763741731643677
1988-04-23,1.045253038406372
1988-04-24,0.9648529291152954
1988-04-25,1.076501965522766
1988-04-26,1.3428874015808103
1988-04-27,1.6522802114486694
1988-04-28,1.633340358734131
1988-04-29,1.2201886177062988
1988-04-30,1.0108219385147097
1988-05-01,0.9832828044891359
1988-05-02,1.057121753692627
1988-05-03,1.1039472818374632
1988-05-04,1.181058049201965
1988-05-05,1.273421287536621
1988-05-06,1.3089934587478635
1988-05-07,1.4554971456527708
1988-05-08,1.7558569908142085
1988-05-09,1.772298336029053
1988-05-10,2.0515570640563965
1988-05-11,2.555615901947021
1988-05-12,2.621330976486206
1988-05-13,1.879810333251953
1988-05-14,1.551653265953064
1988-05-15,2.001384973526001
1988-05-16,1.8772261142730713
1988-05-17,1.4114528894424438
1988-05-18,1.39547860622406
1988-05-19,1.6434862613677979
1988-05-20,1.858116149902344
1988-05-21,2.4584290981292725
1988-05-22,2.2073812484741206
1988-05-23,1.5765453577041626
1988-05-24,1.6467981338500977
1988-05-25,1.8249472379684448
1988-05-26,1.85666298866272
1988-05-27,1.8082728385925289
1988-05-28,1.5815908908843994
1988-05-29,1.3675036430358887
1988-05-30,1.4632710218429565
1988-05-31,1.5448460578918457
1988-06-01,1.5315935611724851
1988-06-02,1.5113152265548708
1988-06-03,1.755164623260498
1988-06-04,1.6468464136123655
1988-06-05,1.4983506202697754
1988-06-06,1.5927003622055051
1988-06-07,1.5992423295974731
1988-06-08,1.6118948459625244
1988-06-09,1.804809689521789
1988-06-10,1.7356914281845093
1988-06-11,1.805704355239868
1988-06-12,1.9756563901901243
1988-06-13,2.3733956813812256
1988-06-14,2.897825002670288
1988-06-15,3.2038953304290763
1988-06-16,2.717177391052246
1988-06-17,2.2786450386047363
1988-06-18,2.1863410472869877
1988-06-19,2.1483354568481445
1988-06-20,2.4872250556945796
1988-06-21,2.7143392562866206
1988-06-22,2.5438041687011714
1988-06-23,2.021369695663452
1988-06-24,2.0796873569488525
1988-06-25,2.4586410522460933
1988-06-26,2.401821374893189
1988-06-27,1.81804358959198
1988-06-28,1.6360462903976443
1988-06-29,1.5519763231277466
1988-06-30,1.8960894346237185
1988-07-01,2.0867195129394527
1988-07-02,2.0294065475463867
1988-07-03,1.827598214149475
1988-07-04,1.7901545763015747
1988-07-05,1.6651353836059573
1988-07-06,1.8281184434890747
1988-07-07,2.3868839740753174
1988-07-08,2.902841329574585
1988-07-09,2.9404613971710205
1988-07-10,2.6482486724853516
1988-07-11,2.0028440952301025
1988-07-12,1.8061481714248655
1988-07-13,1.953431725502014
1988-07-14,2.0453944206237793
1988-07-15,2.21411395072937
1988-07-16,2.311749458312988
1988-07-17,2.404753446578979
1988-07-18,2.7932398319244385
1988-07-19,3.3342621326446538
1988-07-20,3.7094104290008545
1988-07-21,3.0152115821838374
1988-07-22,2.35824990272522
1988-07-23,2.364518404006958
1988-07-24,2.8855915069580083
1988-07-25,3.319427490234375
1988-07-26,3.5502247810363774
1988-07-27,2.6401040554046626
1988-07-28,2.304934024810791
1988-07-29,2.434816837310791
1988-07-30,2.583900928497315
1988-07-31,2.2206099033355713
1988-08-01,1.8332591056823728
1988-08-02,2.18673038482666
1988-08-03,2.7726855278015137
1988-08-04,3.0266079902648926
1988-08-05,2.303753614425659
1988-08-06,1.680284261703491
1988-08-07,1.8889822959899905
1988-08-08,2.126033544540405
1988-08-09,2.207017421722412
1988-08-10,2.189036130905152
1988-08-11,2.0457563400268555
1988-08-12,2.014669895172119
1988-08-13,1.887352466583252
1988-08-14,1.8618234395980835
1988-08-15,1.9135984182357788
1988-08-16,1.671077251434326
1988-08-17,1.6684241294860838
1988-08-18,1.7479062080383299
1988-08-19,1.8025968074798588
1988-08-20,1.6615844964981081
1988-08-21,1.8833675384521484
1988-08-22,2.1362929344177246
1988-08-23,2.5989477634429927
1988-08-24,2.723301887512207
1988-08-25,2.145363807678222
1988-08-26,1.9812674522399905
1988-08-27,2.4158823490142822
1988-08-28,2.6910510063171382
1988-08-29,2.177984952926636
1988-08-30,1.6308478116989136
1988-08-31,1.8049325942993164
1988-09-01,2.2064800262451167
1988-09-02,2.6565613746643066
1988-09-03,3.0980460643768315
1988-09-04,2.7793283462524414
1988-09-05,2.2353384494781494
1988-09-06,1.5879944562911987
1988-09-07,1.5333847999572752
1988-09-08,1.63288152217865
1988-09-09,1.365033030509949
1988-09-10,1.2229796648025513
1988-09-11,1.438534379005432
1988-09-12,1.7202299833297727
1988-09-13,2.024220943450928
1988-09-14,2.1373050212860107
1988-09-15,1.5712329149246214
1988-09-16,1.100236415863037
1988-09-17,0.994569182395935
1988-09-18,1.00954270362854
1988-09-19,1.1139376163482664
1988-09-20,1.2468940019607546
1988-09-21,1.2701005935668943
1988-09-22,1.2942969799041746
1988-09-23,1.19545578956604
1988-09-24,1.0620185136795046
1988-09-25,1.2181342840194704
1988-09-26,1.354532241821289
1988-09-27,1.2485320568084717
1988-09-28,1.4069886207580569
1988-09-29,1.7402104139328003
1988-09-30,1.998876929283142
1988-10-01,1.911459684371948
1988-10-02,1.8897877931594849
1988-10-03,1.8372298479080196
1988-10-04,1.6645503044128414
1988-10-05,1.5919367074966428
1988-10-06,1.6150430440902708
1988-10-07,1.6896281242370605
1988-10-08,1.6750588417053223
1988-10-09,1.6226761341094968
1988-10-10,1.7174725532531738
1988-10-11,1.6281795501708984
1988-10-12,1.4909496307373047
1988-10-13,1.3865832090377808
1988-10-14,1.3203569650650024
1988-10-15,1.427721858024597
1988-10-16,1.2691766023635864
1988-10-17,1.0753723382949827
1988-10-18,1.0678704977035522
1988-10-19,1.28149676322937
1988-10-20,1.3892762660980225
1988-10-21,1.3559411764144895
1988-10-22,1.1170852184295654
1988-10-23,1.1385467052459715
1988-10-24,1.2055761814117432
1988-10-25,1.168552279472351
1988-10-26,0.9650914072990416
1988-10-27,0.7538079619407654
1988-10-28,0.8147901892662048
1988-10-29,0.9012189507484436
1988-10-30,1.0584789514541626
1988-10-31,1.2554731369018552
1988-11-01,1.1688531637191772
1988-11-02,1.003339767456055
1988-11-03,0.9374724626541135
1988-11-04,0.8872780203819276
1988-11-05,0.9546185135841369
1988-11-06,0.8476250171661377
1988-11-07,0.7171394228935242
1988-11-08,0.7393469214439392
1988-11-09,0.6839566230773925
1988-11-10,0.7369803190231323
1988-11-11,0.719126522541046
1988-11-12,0.7135595083236695
1988-11-13,0.640001118183136
1988-11-14,0.6124728918075562
1988-11-15,0.6214383840560913
1988-11-16,0.6732838153839112
1988-11-17,0.6555672883987427
1988-11-18,0.6118218302726746
1988-11-19,0.657500147819519
1988-11-20,0.7227174639701843
1988-11-21,0.7185132503509521
1988-11-22,0.7173919081687927
1988-11-23,0.6209189295768737
1988-11-24,0.5109928846359253
1988-11-25,0.5373366475105286
1988-11-26,0.5480963587760925
1988-11-27,0.6144727468490601
1988-11-28,0.6341888308525084
1988-11-29,0.6218412518501281
1988-11-30,0.5969147086143493
1988-12-01,0.5957610607147217
1988-12-02,0.6306667923927308
1988-12-03,0.6350067853927612
1988-12-04,0.6799271106719971
1988-12-05,0.7118366956710817
1988-12-06,0.7246938347816467
1988-12-07,0.7240764498710632
1988-12-08,0.6926977634429932
1988-12-09,0.7364829778671264
1988-12-10,0.745958149433136
1988-12-11,0.7392672896385193
1988-12-12,0.7827697992324828
1988-12-13,0.6339629888534546
1988-12-14,0.4537023305892944
1988-12-15,0.4359028935432434
1988-12-16,0.4783135652542114
1988-12-17,0.5199501514434814
1988-12-18,0.5762152671813965
1988-12-19,0.5397143959999084
1988-12-20,0.4975864589214324
1988-12-21,0.4844086766242981
1988-12-22,0.4453174769878387
1988-12-23,0.4905739426612855
1988-12-24,0.4465025365352631
1988-12-25,0.4028457999229431
1988-12-26,0.3771051168441773
1988-12-27,0.3715955913066864
1988-12-28,0.37802451848983754
1988-12-29,0.566028356552124
1988-12-30,0.6675420999526978
1988-12-31,0.6149341464042664
1989-01-01,0.5511289834976196
1989-01-02,0.6138905882835388
1989-01-03,0.7563047409057618
1989-01-04,0.6517675518989563
1989-01-05,0.4961326718330383
1989-01-06,0.42641034722328186
1989-01-07,0.38477590680122375
1989-01-08,0.44300499558448797
1989-01-09,0.5732010006904602
1989-01-10,0.5375118255615233
1989-01-11,0.5407066941261293
1989-01-12,0.6065561175346376
1989-01-13,0.5513879060745238
1989-01-14,0.4773395657539368
1989-01-15,0.5716519355773925
1989-01-16,0.6923475861549377
1989-01-17,0.711629629135132
1989-01-18,0.6825667619705201
1989-01-19,0.6661236882209778
1989-01-20,0.6953105330467224
1989-01-21,0.58004629611969
1989-01-22,0.4789221882820129
1989-01-23,0.4135023355484009
1989-01-24,0.4241761863231658
1989-01-25,0.543346405029297
1989-01-26,0.5981830954551697
1989-01-27,0.592252254486084
1989-01-28,0.620478630065918
1989-01-29,0.772420823574066
1989-01-30,0.7979115843772888
1989-01-31,0.5316250920295715
1989-02-01,0.2700045704841614
1989-02-02,0.17277482151985168
1989-02-03,0.1568542867898941
1989-02-04,0.21185481548309326
1989-02-05,0.31164875626564026
1989-02-06,0.37239402532577526
1989-02-07,0.4093107283115386
1989-02-08,0.4536116123199463
1989-02-09,0.5332502722740173
1989-02-10,0.5844241976737976
1989-02-11,0.5669320225715636
1989-02-12,0.5427068471908569
1989-02-13,0.4808956682682036
1989-02-14,0.4842299520969391
1989-02-15,0.5294932723045349
1989-02-16,0.552128791809082
1989-02-17,0.5557795166969299
1989-02-18,0.6258770823478698
1989-02-19,0.664965569972992
1989-02-20,0.7136231064796448
1989-02-21,0.7462360858917235
1989-02-22,0.7969485521316529
1989-02-23,0.7814353108406067
1989-02-24,0.6931993365287781
1989-02-25,0.6951289772987365
1989-02-26,0.6552700400352479
1989-02-27,0.6527072191238403
1989-02-28,0.7148131132125854
1989-03-01,0.5444210767745972
1989-03-02,0.4452855587005615
1989-03-03,0.435991108417511
1989-03-04,0.4957734048366547
1989-03-05,0.6901360154151917
1989-03-06,0.782131552696228
1989-03-07,0.760268747806549
1989-03-08,0.8697498440742492
1989-03-09,0.974901258945465
1989-03-10,1.092236876487732
1989-03-11,1.0892919301986694
1989-03-12,1.0534371137619019
1989-03-13,0.8797917366027832
1989-03-14,0.7972322702407839
1989-03-15,0.7731738090515136
1989-03-16,0.8134592175483703
1989-03-17,0.8643028140068055
1989-03-18,0.9544290304183962
1989-03-19,0.914233386516571
1989-03-20,0.9980946779251098
1989-03-21,1.0421361923217771
1989-03-22,0.8737730979919434
1989-03-23,0.8981759548187254
1989-03-24,0.9834197759628298
1989-03-25,1.0420063734054563
1989-03-26,1.0285959243774414
1989-03-27,0.9989750385284426
1989-03-28,0.9482473731040953
1989-03-29,0.9403557777404784
1989-03-30,0.9045183062553406
1989-03-31,0.9406082630157472
1989-04-01,0.9119355678558348
1989-04-02,0.886083483695984
1989-04-03,0.8866620063781737
1989-04-04,1.0353899002075198
1989-04-05,1.2082483768463135
1989-04-06,1.4264488220214846
1989-04-07,1.3175112009048464
1989-04-08,1.2173879146575928
1989-04-09,1.326593041419983
1989-04-10,1.5617308616638181
1989-04-11,1.5345337390899658
1989-04-12,1.5783416032791138
1989-04-13,1.7632411718368532
1989-04-14,1.8842501640319824
1989-04-15,1.490665793418884
1989-04-16,1.1960737705230713
1989-04-17,1.296513080596924
1989-04-18,1.567063808441162
1989-04-19,1.6337094306945799
1989-04-20,1.46227765083313
1989-04-21,1.2866183519363403
1989-04-22,1.2336288690567017
1989-04-23,1.296543836593628
1989-04-24,1.4837036132812498
1989-04-25,1.4332386255264282
1989-04-26,1.379685401916504
1989-04-27,1.38054621219635
1989-04-28,1.4660794734954832
1989-04-29,1.6539204120635986
1989-04-30,2.023427724838257
1989-05-01,1.8240933418273924
1989-05-02,1.4413721561431885
1989-05-03,1.5986168384552
1989-05-04,1.8688591718673704
1989-05-05,2.1723372936248775
1989-05-06,2.200960874557495
1989-05-07,2.083016395568848
1989-05-08,1.9443802833557124
1989-05-09,1.6228483915328977
1989-05-10,1.2205967903137207
1989-05-11,1.2215453386306763
1989-05-12,1.3606678247451782
1989-05-13,1.4741691350936887
1989-05-14,1.6995931863784792
1989-05-15,1.8977080583572388
1989-05-16,1.7059611082077029
1989-05-17,1.374096393585205
1989-05-18,1.2212495803833008
1989-05-19,1.2456452846527102
1989-05-20,1.4613814353942873
1989-05-21,1.566603660583496
1989-05-22,1.5479992628097534
1989-05-23,1.4263468980789185
1989-05-24,1.4143103361129759
1989-05-25,1.5279555320739748
1989-05-26,1.6010470390319824
1989-05-27,1.4733684062957761
1989-05-28,1.4032784700393677
1989-05-29,1.5803178548812866
1989-05-30,1.8580567836761477
1989-05-31,2.19930362701416
1989-06-01,2.5721452236175537
1989-06-02,2.757515668869018
1989-06-03,2.8490397930145264
1989-06-04,3.1617627143859863
1989-06-05,3.1602122783660893
1989-06-06,2.6277713775634766
1989-06-07,2.3603935241699214
1989-06-08,2.2872960567474365
1989-06-09,1.830491662025452
1989-06-10,2.0369420051574707
1989-06-11,2.6369383335113525
1989-06-12,2.8900971412658687
1989-06-13,2.6026892662048335
1989-06-14,2.3036670684814453
1989-06-15,1.8163990974426267
1989-06-16,1.7782076597213743
1989-06-17,1.8121535778045648
1989-06-18,2.014472246170044
1989-06-19,1.695840358734131
1989-06-20,1.6543750762939453
1989-06-21,1.9610793590545652
1989-06-22,2.2641775608062744
1989-06-23,2.647294282913208
1989-06-24,3.2265250682830806
1989-06-25,3.23871636390686
1989-06-26,2.318897008895874
1989-06-27,1.8706698417663568
1989-06-28,1.9823871850967407
1989-06-29,2.001767873764038
1989-06-30,2.005683898925781
1989-07-01,1.8314847946166992
1989-07-02,1.9248037338256836
1989-07-03,2.001303672790528
1989-07-04,1.9539967775344849
1989-07-05,2.0779342651367188
1989-07-06,2.459376096725464
1989-07-07,2.340341329574585
1989-07-08,2.1499340534210205
1989-07-09,2.11528754234314
1989-07-10,2.065255641937256
1989-07-11,2.3864905834198
1989-07-12,3.021408081054687
1989-07-13,2.8340063095092773
1989-07-14,2.671236038208008
1989-07-15,2.213916301727295
1989-07-16,1.9902569055557249
1989-07-17,2.285576105117798
1989-07-18,2.69894814491272
1989-07-19,2.7421236038208003
1989-07-20,2.308740377426147
1989-07-21,1.996530532836914
1989-07-22,2.220312595367432
1989-07-23,2.4341032505035396
1989-07-24,2.3481588363647456
1989-07-25,2.494955062866211
1989-07-26,2.6809501647949214
1989-07-27,2.1696422100067134
1989-07-28,2.16853928565979
1989-07-29,2.349969387054444
1989-07-30,2.174493074417114
1989-07-31,1.8137692213058472
1989-08-01,1.7102326154708862
1989-08-02,1.7481988668441775
1989-08-03,1.8379491567611697
1989-08-04,2.149630069732666
1989-08-05,2.508890390396118
1989-08-06,2.818389177322388
1989-08-07,2.812072515487671
1989-08-08,2.5931766033172607
1989-08-09,2.1815297603607173
1989-08-10,1.9590021371841433
1989-08-11,1.9216396808624268
1989-08-12,2.040283679962158
1989-08-13,2.104705810546875
1989-08-14,1.8959209918975832
1989-08-15,1.6201663017272947
1989-08-16,1.6577351093292236
1989-08-17,1.8191081285476685
1989-08-18,2.2195069789886475
1989-08-19,2.118305921554565
1989-08-20,2.0224862098693848
1989-08-21,1.9496414661407473
1989-08-22,1.8596447706222532
1989-08-23,1.753722906112671
1989-08-24,1.693357110023498
1989-08-25,1.809102296829224
1989-08-26,1.9526194334030151
1989-08-27,2.057297706604004
1989-08-28,2.0468204021453857
1989-08-29,2.13589859008789
1989-08-30,2.0199313163757324
1989-08-31,1.6577808856964111
1989-09-01,1.5118560791015625
1989-09-02,1.4839700460433958
1989-09-03,1.6031033992767332
1989-09-04,1.7875989675521848
1989-09-05,1.6942744255065918
1989-09-06,1.694630146026611
1989-09-07,1.9064781665802
1989-09-08,2.0775134563446045
1989-09-09,1.972411513328552
1989-09-10,1.8917773962020876
1989-09-11,1.8869192600250244
1989-09-12,1.995987057685852
1989-09-13,2.137318134307861
1989-09-14,2.122220993041992
1989-09-15,1.9004009962081907
1989-09-16,1.3693078756332395
1989-09-17,1.1975138187408447
1989-09-18,1.2460162639617922
1989-09-19,1.3031233549118042
1989-09-20,1.4613744020462034
1989-09-21,1.666878581047058
1989-09-22,1.884377121925354
1989-09-23,2.0913300514221187
1989-09-24,2.000509977340698
1989-09-25,1.7379541397094729
1989-09-26,1.354623556137085
1989-09-27,1.4070181846618652
1989-09-28,1.54095721244812
1989-09-29,1.6866670846939085
1989-09-30,1.3827716112136843
1989-10-01,1.1356408596038818
1989-10-02,1.104933738708496
1989-10-03,1.129950761795044
1989-10-04,1.0696046352386472
1989-10-05,1.1503998041152954
1989-10-06,1.2831455469131468
1989-10-07,1.334125518798828
1989-10-08,1.3542407751083374
1989-10-09,1.4059022665023806
1989-10-10,1.184249997138977
1989-10-11,1.051067233085632
1989-10-12,1.1049528121948242
1989-10-13,1.0630409717559814
1989-10-14,0.9088104367256165
1989-10-15,0.8588985800743103
1989-10-16,0.956675410270691
1989-10-17,1.1080690622329714
1989-10-18,1.175215244293213
1989-10-19,1.083896279335022
1989-10-20,1.0932399034500122
1989-10-21,1.0251616239547727
1989-10-22,0.9828173518180848
1989-10-23,1.064910650253296
1989-10-24,0.9812694191932678
1989-10-25,0.9332926869392396
1989-10-26,0.8755572438240051
1989-10-27,0.7963693141937254
1989-10-28,0.769063651561737
1989-10-29,0.7724098563194276
1989-10-30,0.7743450999259949
1989-10-31,0.7815825343132019
1989-11-01,0.8214208483695985
1989-11-02,0.842458426952362
1989-11-03,0.993042767047882
1989-11-04,0.9710256457328796
1989-11-05,0.8759567737579346
1989-11-06,0.8568330407142638
1989-11-07,0.7902265787124634
1989-11-08,0.9498501420021056
1989-11-09,1.175897479057312
1989-11-10,1.1571093797683714
1989-11-11,0.928710699081421
1989-11-12,0.6957215666770935
1989-11-13,0.6583311557769775
1989-11-14,0.640304684638977
1989-11-15,0.6664437651634216
1989-11-16,0.8063395619392396
1989-11-17,0.7738194465637207
1989-11-18,0.8890024423599244
1989-11-19,0.8682788014411927
1989-11-20,0.9504215717315674
1989-11-21,0.8445620536804198
1989-11-22,0.715309202671051
1989-11-23,0.7302887439727782
1989-11-24,0.6641246676445007
1989-11-25,0.6190927028656005
1989-11-26,0.5840997695922852
1989-11-27,0.6193966865539551
1989-11-28,0.6457700133323668
1989-11-29,0.6578344106674194
1989-11-30,0.6621435284614563
1989-12-01,0.653753101825714
1989-12-02,0.7217950224876403
1989-12-03,0.8574895858764648
1989-12-04,0.9261864423751832
1989-12-05,0.8605434298515318
1989-12-06,0.7816166877746583
1989-12-07,0.7698928117752076
1989-12-08,0.7364959120750427
1989-12-09,0.6118465065956116
1989-12-10,0.5243220925331116
1989-12-11,0.4825219213962554
1989-12-12,0.5080798268318176
1989-12-13,0.5643068552017212
1989-12-14,0.5773251652717591
1989-12-15,0.58323335647583
1989-12-16,0.5296033024787903
1989-12-17,0.474944144487381
1989-12-18,0.44157031178474426
1989-12-19,0.5282556414604187
1989-12-20,0.5942580699920654
1989-12-21,0.6312333941459656
1989-12-22,0.6768417954444884
1989-12-23,0.7310248613357544
1989-12-24,0.6998367309570312
1989-12-25,0.6555389761924744
1989-12-26,0.6044846177101135
1989-12-27,0.5532727837562561
1989-12-28,0.5376866459846495
1989-12-29,0.5422667264938354
1989-12-30,0.6130622625350952
1989-12-31,0.6104414463043213
1990-01-01,0.5282121300697327
1990-01-02,0.4594408273696899
1990-01-03,0.5418269634246826
1990-01-04,0.6497136950492859
1990-01-05,0.7314378023147583
1990-01-06,0.7325552701950074
1990-01-07,0.7411854267120361
1990-01-08,0.6989049911499023
1990-01-09,0.712896466255188
1990-01-10,0.5813636779785156
1990-01-11,0.549041211605072
1990-01-12,0.6334940791130066
1990-01-13,0.6823391318321228
1990-01-14,0.6740038394927979
1990-01-15,0.6307346820831299
1990-01-16,0.5813466310501098
1990-01-17,0.5313437581062317
1990-01-18,0.4852219820022583
1990-01-19,0.5242984890937805
1990-01-20,0.5939412117004395
1990-01-21,0.6405187249183656
1990-01-22,0.6363649368286132
1990-01-23,0.5622878670692444
1990-01-24,0.5794849991798401
1990-01-25,0.6073974967002868
1990-01-26,0.5080321431159973
1990-01-27,0.5797783136367798
1990-01-28,0.6485211849212646
1990-01-29,0.6021963357925416
1990-01-30,0.580251932144165
1990-01-31,0.5286118984222412
1990-02-01,0.5785369873046875
1990-02-02,0.6654313206672668
1990-02-03,0.6680169105529784
1990-02-04,0.6025136113166808
1990-02-05,0.6045843958854675
1990-02-06,0.5293482542037964
1990-02-07,0.4868657886981964
1990-02-08,0.5794800519943237
1990-02-09,0.73276948928833
1990-02-10,0.8510911464691162
1990-02-11,0.6775379776954651
1990-02-12,0.4443391263484954
1990-02-13,0.37986895442008967
1990-02-14,0.344800740480423
1990-02-15,0.42405846714973444
1990-02-16,0.4491403698921204
1990-02-17,0.4428464472293854
1990-02-18,0.4553982019424438
1990-02-19,0.4963491857051849
1990-02-20,0.6296396255493164
1990-02-21,0.796027421951294
1990-02-22,0.8913037180900572
1990-02-23,0.9202299714088442
1990-02-24,1.0061064958572388
1990-02-25,0.8980380296707154
1990-02-26,0.8319676518440245
1990-02-27,0.9291418194770814
1990-02-28,1.0202655792236328
1990-03-01,1.020183324813843
1990-03-02,1.0433990955352783
1990-03-03,0.9881776571273806
1990-03-04,0.937081575393677
1990-03-05,0.9540019631385804
1990-03-06,0.9216464757919312
1990-03-07,0.8017042279243469
1990-03-08,0.6678881049156188
1990-03-09,0.747277557849884
1990-03-10,0.744483232498169
1990-03-11,0.7104001641273499
1990-03-12,0.7090724110603333
1990-03-13,0.7754766941070556
1990-03-14,0.8609183430671693
1990-03-15,0.953155755996704
1990-03-16,1.1508668661117551
1990-03-17,1.2504420280456545
1990-03-18,1.2443350553512573
1990-03-19,1.1661717891693117
1990-03-20,1.1250988245010378
1990-03-21,1.1445291042327883
1990-03-22,1.0573952198028564
1990-03-23,0.8788335919380188
1990-03-24,0.8439030051231384
1990-03-25,0.9710261225700376
1990-03-26,1.1128698587417603
1990-03-27,1.2117016315460205
1990-03-28,1.285038948059082
1990-03-29,1.2992461919784546
1990-03-30,1.2243012189865112
1990-03-31,1.27469003200531
1990-04-01,1.3311927318573
1990-04-02,1.4187530279159546
1990-04-03,1.24351966381073
1990-04-04,1.3809162378311155
1990-04-05,1.4494391679763792
1990-04-06,1.4446761608123777
1990-04-07,1.338220238685608
1990-04-08,1.075196623802185
1990-04-09,1.0798752307891841
1990-04-10,1.4044177532196047
1990-04-11,1.4227507114410398
1990-04-12,1.2963788509368896
1990-04-13,1.2578139305114746
1990-04-14,1.5654087066650393
1990-04-15,1.8077539205551152
1990-04-16,2.008498191833496
1990-04-17,1.5253371000289917
1990-04-18,1.3937407732009885
1990-04-19,1.4502536058425903
1990-04-20,1.4408628940582273
1990-04-21,1.4337189197540285
1990-04-22,1.345394253730774
1990-04-23,1.2686065435409546
1990-04-24,1.2086660861968994
1990-04-25,1.2160147428512573
1990-04-26,1.1256765127182007
1990-04-27,1.056158185005188
1990-04-28,1.078459143638611
1990-04-29,1.256992220878601
1990-04-30,1.3566136360168457
1990-05-01,1.4472001791000366
1990-05-02,1.578664779663086
1990-05-03,1.8020069599151611
1990-05-04,2.2654323577880855
1990-05-05,2.2267799377441406
1990-05-06,1.3649064302444456
1990-05-07,1.153706669807434
1990-05-08,1.3158100843429565
1990-05-09,1.6884095668792725
1990-05-10,1.6514049768447874
1990-05-11,1.3816738128662107
1990-05-12,1.401234745979309
1990-05-13,1.353272795677185
1990-05-14,1.290613055229187
1990-05-15,1.3723717927932737
1990-05-16,1.5525832176208496
1990-05-17,1.468605637550354
1990-05-18,1.432024836540222
1990-05-19,1.5902590751647947
1990-05-20,1.5380039215087893
1990-05-21,1.5422533750534053
1990-05-22,1.61662495136261
1990-05-23,1.3971744775772095
1990-05-24,1.4087351560592651
1990-05-25,1.5134553909301758
1990-05-26,1.690229892730713
1990-05-27,1.8279650211334224
1990-05-28,1.8834112882614131
1990-05-29,1.78629195690155
1990-05-30,1.8696646690368643
1990-05-31,1.555104374885559
1990-06-01,1.4387850761413576
1990-06-02,1.7140676975250242
1990-06-03,1.8479332923889156
1990-06-04,1.6670644283294673
1990-06-05,1.7734909057617188
1990-06-06,1.8495630025863647
1990-06-07,1.78125262260437
1990-06-08,1.9687362909317017
1990-06-09,1.988200068473816
1990-06-10,1.5508168935775757
1990-06-11,1.523815870285034
1990-06-12,1.593239426612854
1990-06-13,1.8296697139739992
1990-06-14,2.2355434894561768
1990-06-15,2.480703830718994
1990-06-16,2.0572433471679688
1990-06-17,1.8970232009887693
1990-06-18,2.0978591442108154
1990-06-19,2.278141975402832
1990-06-20,2.491519212722778
1990-06-21,2.840306758880615
1990-06-22,3.1941430568695064
1990-06-23,2.449664831161499
1990-06-24,2.3439869880676274
1990-06-25,2.2946939468383794
1990-06-26,2.0993423461914062
1990-06-27,2.108911514282227
1990-06-28,2.3078036308288574
1990-06-29,2.553361177444458
1990-06-30,2.453699827194214
1990-07-01,2.090717315673828
1990-07-02,1.7106101512908933
1990-07-03,1.9404791593551636
1990-07-04,2.6222567558288574
1990-07-05,2.484935522079468
1990-07-06,2.0908820629119877
1990-07-07,2.3446891307830806
1990-07-08,2.6497414112091064
1990-07-09,2.7351832389831547
1990-07-10,3.115907430648804
1990-07-11,3.6597080230712886
1990-07-12,3.62218189239502
1990-07-13,2.952303171157837
1990-07-14,2.990732431411743
1990-07-15,3.0328657627105717
1990-07-16,2.584466934204101
1990-07-17,2.4511990547180176
1990-07-18,2.533722400665283
1990-07-19,2.8398997783660893
1990-07-20,3.164487361907959
1990-07-21,3.3964648246765132
1990-07-22,3.339656114578247
1990-07-23,2.3749890327453618
1990-07-24,1.9547510147094729
1990-07-25,1.7149406671524048
1990-07-26,1.8803297281265257
1990-07-27,2.0420382022857666
1990-07-28,2.530699729919433
1990-07-29,3.070661783218384
1990-07-30,3.183355569839477
1990-07-31,2.6220462322235103
1990-08-01,2.112837076187134
1990-08-02,2.0834817886352535
1990-08-03,2.352212190628052
1990-08-04,2.907602071762085
1990-08-05,3.213879346847534
1990-08-06,2.4599642753601074
1990-08-07,2.382355213165283
1990-08-08,2.6134402751922607
1990-08-09,2.613507509231568
1990-08-10,2.950284242630005
1990-08-11,3.077248334884644
1990-08-12,3.2642936706542973
1990-08-13,2.3293440341949463
1990-08-14,1.9900370836257932
1990-08-15,1.904540777206421
1990-08-16,1.89278244972229
1990-08-17,1.9236432313919067
1990-08-18,1.8539189100265503
1990-08-19,1.7174839973449707
1990-08-20,2.0794312953948975
1990-08-21,2.0022943019866943
1990-08-22,1.7236429452896118
1990-08-23,1.6826965808868408
1990-08-24,1.6365797519683838
1990-08-25,1.6652055978775024
1990-08-26,1.743518233299255
1990-08-27,1.968022346496582
1990-08-28,2.251290798187256
1990-08-29,2.0793468952178955
1990-08-30,1.7788062095642085
1990-08-31,1.841657876968384
1990-09-01,1.8440099954605105
1990-09-02,1.8409401178359983
1990-09-03,1.977047562599182
1990-09-04,2.310766220092773
1990-09-05,2.40858006477356
1990-09-06,2.4500803947448726
1990-09-07,2.0928761959075928
1990-09-08,2.0445606708526607
1990-09-09,1.997481346130371
1990-09-10,2.1621260643005367
1990-09-11,1.921335697174072
1990-09-12,1.4791319370269775
1990-09-13,1.6775128841400146
1990-09-14,1.95033061504364
1990-09-15,1.5950682163238525
1990-09-16,1.5691521167755127
1990-09-17,1.6867775917053223
1990-09-18,1.7764421701431272
1990-09-19,1.6596201658248897
1990-09-20,1.6972638368606565
1990-09-21,1.8987891674041748
1990-09-22,2.1460273265838623
1990-09-23,2.1382682323455806
1990-09-24,1.8240773677825923
1990-09-25,1.6325178146362305
1990-09-26,1.579911708831787
1990-09-27,1.6979752779006956
1990-09-28,1.7517837285995483
1990-09-29,1.527432560920715
1990-09-30,1.427190899848938
1990-10-01,1.2254972457885742
1990-10-02,1.0141384601593015
1990-10-03,1.1121174097061155
1990-10-04,1.267210841178894
1990-10-05,1.007822036743164
1990-10-06,0.9215125441551208
1990-10-07,0.9079329371452332
1990-10-08,1.0767258405685425
1990-10-09,1.1369999647140503
1990-10-10,0.9564318656921384
1990-10-11,0.9435790181159974
1990-10-12,0.985369086265564
1990-10-13,0.9502826929092408
1990-10-14,0.9264970421791076
1990-10-15,0.9496559500694274
1990-10-16,0.8626286387443542
1990-10-17,0.8613502979278564
1990-10-18,0.8887822031974792
1990-10-19,0.8132152557373046
1990-10-20,0.8183534145355223
1990-10-21,0.9209887981414796
1990-10-22,0.8798110485076904
1990-10-23,0.9372829794883728
1990-10-24,1.1381452083587646
1990-10-25,1.1199500560760498
1990-10-26,1.0698919296264648
1990-10-27,1.0868532657623293
1990-10-28,0.9508560895919802
1990-10-29,0.8514368534088134
1990-10-30,0.8736168742179871
1990-10-31,0.7732783555984498
1990-11-01,0.6952535510063171
1990-11-02,0.6600311994552612
1990-11-03,0.7945306301116942
1990-11-04,0.8498589992523194
1990-11-05,0.7383095026016236
1990-11-06,0.6592164635658264
1990-11-07,0.7400137186050414
1990-11-08,0.8461264967918397
1990-11-09,1.0050950050354004
1990-11-10,1.0876963138580322
1990-11-11,1.1102213859558103
1990-11-12,1.111760854721069
1990-11-13,0.8901557326316833
1990-11-14,0.6926741600036621
1990-11-15,0.7277812957763671
1990-11-16,0.8028820157051086
1990-11-17,0.7225342392921446
1990-11-18,0.5863367319107057
1990-11-19,0.5733819007873535
1990-11-20,0.56719172000885
1990-11-21,0.6468309164047241
1990-11-22,0.7969552874565123
1990-11-23,0.9075945019721984
1990-11-24,0.9084858298301696
1990-11-25,0.6592194437980652
1990-11-26,0.5309797525405884
1990-11-27,0.5531627535820008
1990-11-28,0.5829546451568604
1990-11-29,0.6445136666297911
1990-11-30,0.4997881352901459
1990-12-01,0.4934382438659668
1990-12-02,0.5042886137962341
1990-12-03,0.6219100952148438
1990-12-04,0.6472070813179016
1990-12-05,0.6138194203376769
1990-12-06,0.5758489966392516
1990-12-07,0.5830196142196655
1990-12-08,0.6626605987548828
1990-12-09,0.729927659034729
1990-12-10,0.6537507176399231
1990-12-11,0.5419434309005737
1990-12-12,0.4781937897205352
1990-12-13,0.4623909890651703
1990-12-14,0.4832413792610169
1990-12-15,0.4793888628482818
1990-12-16,0.4829238057136536
1990-12-17,0.5792684555053711
1990-12-18,0.4282761812210083
1990-12-19,0.2339716404676437
1990-12-20,0.16766357421875003
1990-12-21,0.15451391041278842
1990-12-22,0.18110992014408112
1990-12-23,0.23278942704200745
1990-12-24,0.3069015443325043
1990-12-25,0.37006568908691406
1990-12-26,0.4760791957378387
1990-12-27,0.4859942197799682
1990-12-28,0.2714829742908477
1990-12-29,0.1756307482719421
1990-12-30,0.2722961902618408
1990-12-31,0.5055540800094604
1991-01-01,0.5481674075126649
1991-01-02,0.4669046998023986
1991-01-03,0.41906878352165217
1991-01-04,0.36177417635917664
1991-01-05,0.30382126569747925
1991-01-06,0.3099345266819
1991-01-07,0.40256011486053467
1991-01-08,0.4872271418571472
1991-01-09,0.4567321240901947
1991-01-10,0.5355057120323181
1991-01-11,0.6394580006599425
1991-01-12,0.7786624431610107
1991-01-13,0.7528870105743409
1991-01-14,0.7389793992042542
1991-01-15,0.6547404527664183
1991-01-16,0.6450828313827515
1991-01-17,0.7387117743492126
1991-01-18,0.6695040464401244
1991-01-19,0.5456160306930541
1991-01-20,0.525329053401947
1991-01-21,0.602925956249237
1991-01-22,0.5801278948783875
1991-01-23,0.486682891845703
1991-01-24,0.4578099548816681
1991-01-25,0.4369072616100311
1991-01-26,0.4570952653884888
1991-01-27,0.4169307947158813
1991-01-28,0.4148813784122467
1991-01-29,0.404386967420578
1991-01-30,0.5466816425323487
1991-01-31,0.6272160410881042
1991-02-01,0.8039600253105164
1991-02-02,0.8701357841491699
1991-02-03,0.8312250971794127
1991-02-04,0.8826820254325864
1991-02-05,0.7361862659454346
1991-02-06,0.7900280356407166
1991-02-07,0.953376829624176
1991-02-08,0.9861266613006592
1991-02-09,0.9152873158454896
1991-02-10,0.9093751907348634
1991-02-11,0.909086227416992
1991-02-12,0.8593167662620544
1991-02-13,0.896597146987915
1991-02-14,1.0609493255615234
1991-02-15,0.9795886278152462
1991-02-16,0.772713303565979
1991-02-17,0.6909403204917908
1991-02-18,0.754437208175659
1991-02-19,0.8939738869667053
1991-02-20,0.803152024745941
1991-02-21,0.7954075932502745
1991-02-22,0.76397842168808
1991-02-23,0.8058490753173827
1991-02-24,0.883393704891205
1991-02-25,0.9275155663490297
1991-02-26,1.048184156417847
1991-02-27,1.0564706325531006
1991-02-28,0.9971860647201538
1991-03-01,0.7089388370513916
1991-03-02,0.6754501461982728
1991-03-03,0.846694827079773
1991-03-04,0.702477753162384
1991-03-05,0.6054449081420897
1991-03-06,0.6974406242370605
1991-03-07,0.7069042921066284
1991-03-08,0.8061540126800538
1991-03-09,0.7794133424758911
1991-03-10,0.722111940383911
1991-03-11,0.6872820854187012
1991-03-12,0.756047487258911
1991-03-13,0.7854802012443542
1991-03-14,0.7816746234893798
1991-03-15,0.7577276825904846
1991-03-16,0.8056429028511046
1991-03-17,0.9301701784133912
1991-03-18,1.0117167234420776
1991-03-19,0.8822782039642335
1991-03-20,0.960655689239502
1991-03-21,0.9319933652877808
1991-03-22,0.7995932102203369
1991-03-23,0.8548397421836852
1991-03-24,0.8670992255210876
1991-03-25,0.8260690569877625
1991-03-26,0.7912199497222899
1991-03-27,0.873808443546295
1991-03-28,0.8760870099067688
1991-03-29,0.9163402318954468
1991-03-30,1.212661862373352
1991-03-31,1.458006381988525
1991-04-01,1.1890835762023924
1991-04-02,0.9620119929313662
1991-04-03,0.9334706664085388
1991-04-04,1.0637961626052856
1991-04-05,0.9809011220932006
1991-04-06,0.9222703576087952
1991-04-07,0.9433823227882384
1991-04-08,0.955613970756531
1991-04-09,0.8843703269958496
1991-04-10,0.8546009063720703
1991-04-11,0.9533729553222656
1991-04-12,1.2352933883666992
1991-04-13,1.3642841577529907
1991-04-14,1.1560473442077634
1991-04-15,1.1671254634857176
1991-04-16,1.297563552856445
1991-04-17,1.372111201286316
1991-04-18,1.3795175552368164
1991-04-19,1.581526279449463
1991-04-20,1.7595303058624268
1991-04-21,1.6594353914260864
1991-04-22,1.380454659461975
1991-04-23,1.2515729665756223
1991-04-24,1.0891776084899902
1991-04-25,1.035073161125183
1991-04-26,1.087023377418518
1991-04-27,1.1008206605911257
1991-04-28,1.0641099214553833
1991-04-29,1.1858868598937986
1991-04-30,1.4608651399612427
1991-05-01,1.717652916908264
1991-05-02,1.7116090059280396
1991-05-03,1.6191309690475464
1991-05-04,1.6078286170959473
1991-05-05,1.4990253448486328
1991-05-06,1.3729184865951536
1991-05-07,1.2976174354553223
1991-05-08,1.142708897590637
1991-05-09,1.1229933500289917
1991-05-10,1.2621128559112549
1991-05-11,1.592296123504639
1991-05-12,1.4167399406433103
1991-05-13,1.3342622518539429
1991-05-14,1.2725015878677368
1991-05-15,1.5790895223617551
1991-05-16,1.6491343975067139
1991-05-17,1.4585779905319214
1991-05-18,1.4088566303253172
1991-05-19,1.4713239669799807
1991-05-20,1.607680916786194
1991-05-21,1.6530946493148801
1991-05-22,1.464190602302551
1991-05-23,1.4830302000045776
1991-05-24,1.4329676628112793
1991-05-25,1.3780593872070312
1991-05-26,1.41071617603302
1991-05-27,1.516534686088562
1991-05-28,1.6948269605636597
1991-05-29,1.5647811889648435
1991-05-30,1.4020478725433345
1991-05-31,1.713347315788269
1991-06-01,1.9565623998641968
1991-06-02,1.7536602020263674
1991-06-03,1.312968134880066
1991-06-04,1.3309403657913208
1991-06-05,1.6737767457962036
1991-06-06,1.981909275054932
1991-06-07,1.732969045639038
1991-06-08,1.7173973321914673
1991-06-09,2.141336917877197
1991-06-10,2.4845318794250493
1991-06-11,1.7083315849304197
1991-06-12,1.4758566617965698
1991-06-13,1.452081561088562
1991-06-14,1.5007576942443848
1991-06-15,1.7385904788970945
1991-06-16,1.569756865501404
1991-06-17,1.7245192527770996
1991-06-18,2.100423812866211
1991-06-19,2.2858264446258545
1991-06-20,1.8228423595428465
1991-06-21,1.6835306882858276
1991-06-22,1.8584537506103516
1991-06-23,2.008565902709961
1991-06-24,1.955992579460144
1991-06-25,1.954349398612976
1991-06-26,1.922940731048584
1991-06-27,2.2651071548461914
1991-06-28,2.5680127143859863
1991-06-29,2.0622189044952393
1991-06-30,2.017495393753052
1991-07-01,2.627916097640991
1991-07-02,3.385508298873902
1991-07-03,3.1571192741394043
1991-07-04,2.5274367332458496
1991-07-05,2.219308853149414
1991-07-06,2.19066047668457
1991-07-07,2.660099029541016
1991-07-08,2.673638105392456
1991-07-09,2.308985948562622
1991-07-10,2.0652618408203125
1991-07-11,2.4658446311950684
1991-07-12,2.911839008331299
1991-07-13,2.3498370647430415
1991-07-14,2.081749439239501
1991-07-15,1.9302434921264644
1991-07-16,2.031777143478393
1991-07-17,1.8933817148208616
1991-07-18,2.00618839263916
1991-07-19,2.028141021728516
1991-07-20,2.157195806503296
1991-07-21,2.2535245418548584
1991-07-22,2.7292134761810303
1991-07-23,3.4598455429077144
1991-07-24,3.0635507106781006
1991-07-25,1.9633946418762207
1991-07-26,2.0081205368041988
1991-07-27,2.2614727020263676
1991-07-28,2.436206340789795
1991-07-29,2.234569311141968
1991-07-30,2.27611780166626
1991-07-31,2.617104768753052
1991-08-01,2.265348434448242
1991-08-02,2.3842968940734863
1991-08-03,2.5747599601745605
1991-08-04,2.392161130905152
1991-08-05,2.1126430034637442
1991-08-06,2.3017051219940186
1991-08-07,2.37744927406311
1991-08-08,2.7108170986175537
1991-08-09,2.078464031219482
1991-08-10,1.5846761465072634
1991-08-11,1.7332825660705564
1991-08-12,1.93889582157135
1991-08-13,2.143268823623657
1991-08-14,2.2649996280670166
1991-08-15,2.6248955726623535
1991-08-16,2.660176515579224
1991-08-17,2.6714284420013423
1991-08-18,2.858025789260864
1991-08-19,2.7492005825042725
1991-08-20,2.529524087905884
1991-08-21,2.4526319503784175
1991-08-22,2.2780025005340576
1991-08-23,1.7126370668411255
1991-08-24,1.4930250644683838
1991-08-25,1.4347410202026367
1991-08-26,1.5330685377120972
1991-08-27,1.4988144636154175
1991-08-28,1.3593808412551882
1991-08-29,1.6893491744995117
1991-08-30,2.05667781829834
1991-08-31,1.6600902080535889
1991-09-01,1.43240225315094
1991-09-02,1.5934373140335083
1991-09-03,2.013513326644897
1991-09-04,2.2443609237670894
1991-09-05,2.274883508682251
1991-09-06,2.0675389766693115
1991-09-07,1.5656664371490479
1991-09-08,1.230474352836609
1991-09-09,1.4719985723495486
1991-09-10,1.7023042440414429
1991-09-11,1.6937083005905151
1991-09-12,1.6061396598815918
1991-09-13,1.2474786043167114
1991-09-14,1.293213963508606
1991-09-15,1.5864120721817017
1991-09-16,1.789995551109314
1991-09-17,1.9292376041412356
1991-09-18,2.118691921234131
1991-09-19,1.9016308784484863
1991-09-20,1.3255506753921509
1991-09-21,1.1661132574081423
1991-09-22,1.3445217609405515
1991-09-23,1.5171651840209959
1991-09-24,1.798533082008362
1991-09-25,2.0533220767974854
1991-09-26,2.089421033859253
1991-09-27,1.6331548690795898
1991-09-28,1.2115181684494019
1991-09-29,1.3656866550445557
1991-09-30,1.6363322734832766
1991-10-01,1.3233777284622192
1991-10-02,1.1809865236282349
1991-10-03,1.0781269073486328
1991-10-04,1.1065731048583984
1991-10-05,1.2516398429870603
1991-10-06,1.2456306219100952
1991-10-07,1.076984405517578
1991-10-08,1.0991841554641726
1991-10-09,1.3336834907531738
1991-10-10,1.518252968788147
1991-10-11,1.684378743171692
1991-10-12,1.222869396209717
1991-10-13,1.1548705101013184
1991-10-14,1.477620244026184
1991-10-15,1.4401344060897827
1991-10-16,1.0019683837890625
1991-10-17,0.690965712070465
1991-10-18,0.7829303741455078
1991-10-19,0.9841035604476928
1991-10-20,1.003759741783142
1991-10-21,0.8583701848983764
1991-10-22,0.7076314091682433
1991-10-23,0.6397808194160461
1991-10-24,0.6504813432693481
1991-10-25,0.6320478916168212
1991-10-26,0.6327800154685975
1991-10-27,0.5308364629745485
1991-10-28,0.456045925617218
1991-10-29,0.4700309038162232
1991-10-30,0.5031481981277466
1991-10-31,0.5818175673484801
1991-11-01,0.5234458446502686
1991-11-02,0.4778793156147004
1991-11-03,0.5528094768524169
1991-11-04,0.7353989481925965
1991-11-05,0.9398832917213442
1991-11-06,0.8863051533699035
1991-11-07,0.8147271871566771
1991-11-08,0.9186429381370544
1991-11-09,0.8709036707878112
1991-11-10,0.8833918571472168
1991-11-11,0.955703854560852
1991-11-12,0.9189813137054444
1991-11-13,0.7545579075813293
1991-11-14,0.6659946441650391
1991-11-15,0.6108250617980956
1991-11-16,0.6742168664932251
1991-11-17,0.7206564545631409
1991-11-18,0.7044609189033508
1991-11-19,0.7466148734092712
1991-11-20,0.7186983227729797
1991-11-21,0.6080665588378906
1991-11-22,0.5220692753791809
1991-11-23,0.568706512451172
1991-11-24,0.6896194815635681
1991-11-25,0.7335450053215027
1991-11-26,0.6527239680290222
1991-11-27,0.5875079035758972
1991-11-28,0.5729953646659852
1991-11-29,0.4894213080406189
1991-11-30,0.4762000143527985
1991-12-01,0.6187245249748229
1991-12-02,0.6278992891311646
1991-12-03,0.6703557968139648
1991-12-04,0.7118057012557983
1991-12-05,0.7703908681869507
1991-12-06,0.6905688643455505
1991-12-07,0.6156646609306335
1991-12-08,0.6587250232696532
1991-12-09,0.65970379114151
1991-12-10,0.4974051713943482
1991-12-11,0.5893410444259644
1991-12-12,0.6011242866516113
1991-12-13,0.4811079502105713
1991-12-14,0.4628025591373444
1991-12-15,0.4575086534023284
1991-12-16,0.461907297372818
1991-12-17,0.4863006174564361
1991-12-18,0.5371818542480468
1991-12-19,0.5027960538864136
1991-12-20,0.4992260336875916
1991-12-21,0.5786304473876952
1991-12-22,0.5638930797576904
1991-12-23,0.5642969012260436
1991-12-24,0.5864685773849487
1991-12-25,0.6035035848617554
1991-12-26,0.6415615677833556
1991-12-27,0.660891830921173
1991-12-28,0.6489626169204712
1991-12-29,0.5813851952552795
1991-12-30,0.5970950722694397
1991-12-31,0.5587984323501587
1992-01-01,0.5807539224624634
1992-01-02,0.5747998952865601
1992-01-03,0.5412011146545409
1992-01-04,0.518530786037445
1992-01-05,0.4867177307605743
1992-01-06,0.4139854311943054
1992-01-07,0.3892053663730621
1992-01-08,0.4518939554691315
1992-01-09,0.5333398580551147
1992-01-10,0.5628039836883545
1992-01-11,0.5611840486526488
1992-01-12,0.511703372001648
1992-01-13,0.5478204488754272
1992-01-14,0.6363857984542847
1992-01-15,0.7380800247192384
1992-01-16,0.6855511665344238
1992-01-17,0.5764268040657043
1992-01-18,0.5199606418609619
1992-01-19,0.5355958938598634
1992-01-20,0.51407527923584
1992-01-21,0.5264639258384705
1992-01-22,0.5919606685638428
1992-01-23,0.7679775953292846
1992-01-24,0.833658456802368
1992-01-25,0.7786869406700134
1992-01-26,0.664014458656311
1992-01-27,0.7418833374977111
1992-01-28,0.7937445044517517
1992-01-29,0.8312803506851197
1992-01-30,0.8864073157310487
1992-01-31,0.8797966837882994
1992-02-01,0.7901653051376343
1992-02-02,0.7239204049110413
1992-02-03,0.8636022210121153
1992-02-04,0.9095661640167234
1992-02-05,0.7952722907066345
1992-02-06,0.7352348566055299
1992-02-07,0.7135361433029175
1992-02-08,0.7090104222297668
1992-02-09,0.76728093624115
1992-02-10,0.8221322298049926
1992-02-11,0.8792011141777037
1992-02-12,0.8498884439468383
1992-02-13,0.8303245902061464
1992-02-14,0.8008986115455629
1992-02-15,0.705024480819702
1992-02-16,0.6655089259147644
1992-02-17,0.6842356324195862
1992-02-18,0.6833769083023071
1992-02-19,0.6575859785079956
1992-02-20,0.723454475402832
1992-02-21,0.8428348898887634
1992-02-22,0.8412353992462158
1992-02-23,0.792911946773529
1992-02-24,0.9679108262062072
1992-02-25,1.1061871051788328
1992-02-26,1.1683701276779175
1992-02-27,1.1591837406158447
1992-02-28,1.066656470298767
1992-02-29,1.0289515256881712
1992-03-01,0.9658746123313906
1992-03-02,0.9722463488578797
1992-03-03,0.941378653049469
1992-03-04,0.8897854685783386
1992-03-05,0.9873230457305908
1992-03-06,0.9815637469291688
1992-03-07,0.955029845237732
1992-03-08,0.9934805035591124
1992-03-09,1.060158014297485
1992-03-10,1.126869559288025
1992-03-11,1.1592276096343992
1992-03-12,1.2350953817367551
1992-03-13,1.2995606660842896
1992-03-14,1.355263113975525
1992-03-15,0.9956778883934022
1992-03-16,0.9600141048431394
1992-03-17,0.8876342773437501
1992-03-18,0.9572206139564514
1992-03-19,1.1000903844833374
1992-03-20,1.1820675134658813
1992-03-21,1.2231155633926392
1992-03-22,1.2505954504013057
1992-03-23,1.2371665239334106
1992-03-24,1.2470693588256838
1992-03-25,1.2635686397552488
1992-03-26,1.1912426948547363
1992-03-27,0.9065982699394226
1992-03-28,0.8807870149612426
1992-03-29,1.1928178071975708
1992-03-30,1.428539991378784
1992-03-31,1.425321578979492
1992-04-01,1.593271613121033
1992-04-02,1.76188862323761
1992-04-03,1.319446325302124
1992-04-04,0.9269948601722716
1992-04-05,0.8527031540870667
1992-04-06,0.8671961426734925
1992-04-07,0.9202875494956968
1992-04-08,0.9846953749656676
1992-04-09,0.9906126260757446
1992-04-10,1.004831314086914
1992-04-11,1.077748656272888
1992-04-12,1.2866041660308836
1992-04-13,1.4244184494018555
1992-04-14,1.5055850744247437
1992-04-15,1.5511878728866575
1992-04-16,1.47817587852478
1992-04-17,1.2922616004943848
1992-04-18,1.27866530418396
1992-04-19,1.398706078529358
1992-04-20,1.4442981481552126
1992-04-21,1.214310646057129
1992-04-22,1.117327928543091
1992-04-23,1.1739189624786377
1992-04-24,1.5153715610504153
1992-04-25,2.009542465209961
1992-04-26,2.123019218444824
1992-04-27,1.8617678880691528
1992-04-28,1.8223751783370967
1992-04-29,1.7714517116546633
1992-04-30,1.3571863174438477
1992-05-01,1.400269865989685
1992-05-02,1.7708728313446045
1992-05-03,2.28859806060791
1992-05-04,2.7546961307525635
1992-05-05,2.904384851455688
1992-05-06,2.8718416690826416
1992-05-07,2.2021231651306152
1992-05-08,1.4946627616882324
1992-05-09,1.2670331001281738
1992-05-10,1.2208523750305176
1992-05-11,1.2087275981903076
1992-05-12,1.3512371778488161
1992-05-13,1.8376005887985227
1992-05-14,1.9682767391204836
1992-05-15,1.8203217983245847
1992-05-16,2.074381113052368
1992-05-17,2.522666931152344
1992-05-18,2.274325847625733
1992-05-19,1.9312624931335447
1992-05-20,1.4712022542953491
1992-05-21,1.472530722618103
1992-05-22,1.8137141466140747
1992-05-23,2.3298528194427486
1992-05-24,2.885191440582276
1992-05-25,2.618032217025757
1992-05-26,1.9725964069366453
1992-05-27,1.8872445821762085
1992-05-28,1.9457601308822632
1992-05-29,2.051304817199707
1992-05-30,2.2005376815795894
1992-05-31,2.6985912322998047
1992-06-01,2.380411863327027
1992-06-02,1.8972021341323848
1992-06-03,2.0688939094543457
1992-06-04,1.9901438951492303
1992-06-05,2.0842356681823726
1992-06-06,2.374293565750122
1992-06-07,2.1690361499786373
1992-06-08,2.102518081665039
1992-06-09,1.9984818696975708
1992-06-10,2.115302085876465
1992-06-11,2.139023303985596
1992-06-12,1.74247670173645
1992-06-13,1.5388532876968384
1992-06-14,1.718044638633728
1992-06-15,1.8220914602279663
1992-06-16,1.8090823888778689
1992-06-17,1.910728335380554
1992-06-18,2.4799709320068355
1992-06-19,2.729320764541625
1992-06-20,2.684152126312256
1992-06-21,3.1642165184020996
1992-06-22,3.661541700363159
1992-06-23,3.781274557113648
1992-06-24,3.6877157688140874
1992-06-25,3.3730869293212886
1992-06-26,2.9049623012542725
1992-06-27,2.934444665908813
1992-06-28,2.6288337707519527
1992-06-29,1.9464697837829583
1992-06-30,2.0044379234313965
1992-07-01,2.117759466171264
1992-07-02,2.2441060543060303
1992-07-03,2.4197602272033687
1992-07-04,2.1944329738616943
1992-07-05,1.938642144203186
1992-07-06,1.8975306749343872
1992-07-07,1.9943892955780027
1992-07-08,2.0134840011596675
1992-07-09,2.342524528503418
1992-07-10,2.206273794174195
1992-07-11,2.2301464080810542
1992-07-12,2.590919494628906
1992-07-13,2.3626956939697266
1992-07-14,2.1885573863983154
1992-07-15,2.426430463790893
1992-07-16,3.086737394332886
1992-07-17,3.479032039642333
1992-07-18,3.502983808517456
1992-07-19,2.9969196319580083
1992-07-20,2.559451580047608
1992-07-21,2.210410118103028
1992-07-22,1.9911279678344729
1992-07-23,1.740418791770935
1992-07-24,1.9512822628021245
1992-07-25,2.57631778717041
1992-07-26,2.543618679046631
1992-07-27,2.467223882675171
1992-07-28,2.5893821716308594
1992-07-29,2.796474456787109
1992-07-30,3.407292127609253
1992-07-31,3.421084880828857
1992-08-01,2.7269008159637447
1992-08-02,2.202042579650879
1992-08-03,2.3176572322845455
1992-08-04,2.0390791893005367
1992-08-05,2.0913567543029785
1992-08-06,2.010823965072632
1992-08-07,1.8553695678710935
1992-08-08,1.753275990486145
1992-08-09,2.047585487365722
1992-08-10,2.712496280670166
1992-08-11,3.2503662109375
1992-08-12,3.621161937713623
1992-08-13,3.5562875270843506
1992-08-14,3.0112130641937256
1992-08-15,2.5685784816741943
1992-08-16,2.5386261940002437
1992-08-17,3.0744171142578125
1992-08-18,2.6987946033477783
1992-08-19,2.4337644577026363
1992-08-20,2.191929340362549
1992-08-21,1.8327174186706543
1992-08-22,1.5828566551208496
1992-08-23,1.5898070335388186
1992-08-24,1.7837607860565183
1992-08-25,2.055065631866455
1992-08-26,2.276201009750366
1992-08-27,2.1555554866790767
1992-08-28,1.7669677734375002
1992-08-29,1.915828347206116
1992-08-30,1.907517910003662
1992-08-31,1.899691104888916
1992-09-01,1.8896629810333248
1992-09-02,1.9015972614288328
1992-09-03,1.751841068267822
1992-09-04,1.4118504524230957
1992-09-05,1.2587753534317017
1992-09-06,1.2526843547821045
1992-09-07,1.330767512321472
1992-09-08,1.4812625646591187
1992-09-09,1.663106799125671
1992-09-10,2.0222458839416504
1992-09-11,1.7070292234420774
1992-09-12,1.3492989540100095
1992-09-13,1.1848548650741575
1992-09-14,1.1656087636947632
1992-09-15,1.2066253423690798
1992-09-16,1.3378728628158567
1992-09-17,1.4160120487213137
1992-09-18,1.5756218433380125
1992-09-19,1.4831869602203367
1992-09-20,1.5333065986633299
1992-09-21,1.7847280502319334
1992-09-22,2.0550594329833984
1992-09-23,1.585245966911316
1992-09-24,1.3323683738708496
1992-09-25,1.268067955970764
1992-09-26,1.3232421875
1992-09-27,1.286647081375122
1992-09-28,1.5399900674819944
1992-09-29,1.8154033422470088
1992-09-30,2.091123104095459
1992-10-01,1.9762002229690552
1992-10-02,1.4654279947280884
1992-10-03,1.2258497476577759
1992-10-04,1.1144137382507326
1992-10-05,1.095966100692749
1992-10-06,1.1735681295394895
1992-10-07,1.2360435724258423
1992-10-08,1.220875263214111
1992-10-09,1.0442683696746826
1992-10-10,1.3311554193496704
1992-10-11,1.4097903966903687
1992-10-12,1.2622586488723753
1992-10-13,0.9771704673767088
1992-10-14,0.772137701511383
1992-10-15,0.737627387046814
1992-10-16,0.8068808913230897
1992-10-17,0.9521461129188536
1992-10-18,1.0756467580795288
1992-10-19,1.1801707744598389
1992-10-20,1.1994155645370483
1992-10-21,1.121365308761597
1992-10-22,1.1088192462921143
1992-10-23,1.3923262357711792
1992-10-24,1.25342857837677
1992-10-25,1.0507353544235227
1992-10-26,0.932547688484192
1992-10-27,0.9490901231765748
1992-10-28,0.8431050181388856
1992-10-29,0.7876293659210204
1992-10-30,0.8361836075782774
1992-10-31,0.8460461497306822
1992-11-01,0.833265483379364
1992-11-02,0.7951934933662415
1992-11-03,0.7560686469078065
1992-11-04,0.8014792799949646
1992-11-05,0.7931550741195679
1992-11-06,0.8485217690467834
1992-11-07,0.866562008857727
1992-11-08,0.7092386484146118
1992-11-09,0.5944840908050537
1992-11-10,0.5737104415893554
1992-11-11,0.6943188905715942
1992-11-12,0.7379020452499389
1992-11-13,0.7838783860206605
1992-11-14,0.749643325805664
1992-11-15,0.7227376103401184
1992-11-16,0.709997832775116
1992-11-17,0.7341940999031066
1992-11-18,0.7128721475601196
1992-11-19,0.6401079297065736
1992-11-20,0.5930685997009277
1992-11-21,0.6125222444534301
1992-11-22,0.6231376528739928
1992-11-23,0.5084614753723145
1992-11-24,0.4727409780025481
1992-11-25,0.500274121761322
1992-11-26,0.5466880202293395
1992-11-27,0.5826853513717651
1992-11-28,0.5842669606208801
1992-11-29,0.530150830745697
1992-11-30,0.5773631334304808
1992-12-01,0.5082145929336547
1992-12-02,0.4688436090946198
1992-12-03,0.43139430880546564
1992-12-04,0.40922459959983837
1992-12-05,0.40339043736457825
1992-12-06,0.3915646076202393
1992-12-07,0.4310264885425568
1992-12-08,0.4518308341503143
1992-12-09,0.4862511456012726
1992-12-10,0.4917716979980468
1992-12-11,0.4860681593418121
1992-12-12,0.5011342167854309
1992-12-13,0.545251190662384
1992-12-14,0.6228800415992737
1992-12-15,0.5299492478370667
1992-12-16,0.39046087861061096
1992-12-17,0.4049878120422363
1992-12-18,0.34439101815223694
1992-12-19,0.39096421003341686
1992-12-20,0.4591980278491974
1992-12-21,0.5278469324111937
1992-12-22,0.5779203176498413
1992-12-23,0.621968924999237
1992-12-24,0.5812879204750061
1992-12-25,0.5120401978492737
1992-12-26,0.5167273283004761
1992-12-27,0.4461154341697693
1992-12-28,0.43608519434928894
1992-12-29,0.4235500395298004
1992-12-30,0.37842512130737294
1992-12-31,0.3976933360099792
1993-01-01,0.3139139115810394
1993-01-02,0.3229396641254425
1993-01-03,0.3963949382305145
1993-01-04,0.380825400352478
1993-01-05,0.3082847893238068
1993-01-06,0.2843955457210541
1993-01-07,0.2912828624248505
1993-01-08,0.2998972535133362
1993-01-09,0.31513300538063044
1993-01-10,0.28421628475189203
1993-01-11,0.2814165651798248
1993-01-12,0.3098695278167725
1993-01-13,0.33637276291847223
1993-01-14,0.4033238589763641
1993-01-15,0.4326888024806976
1993-01-16,0.4302418529987335
1993-01-17,0.4542307257652282
1993-01-18,0.4465652108192444
1993-01-19,0.434354543685913
1993-01-20,0.5241693258285522
1993-01-21,0.5596566200256348
1993-01-22,0.4725457131862639
1993-01-23,0.4073768556118011
1993-01-24,0.590621054172516
1993-01-25,0.8158623576164244
1993-01-26,0.8088276982307433
1993-01-27,0.7889170050621032
1993-01-28,0.6866610646247864
1993-01-29,0.6930445432662964
1993-01-30,0.635243833065033
1993-01-31,0.6164252758026124
1993-02-01,0.682767629623413
1993-02-02,0.6047219038009644
1993-02-03,0.5941250324249268
1993-02-04,0.692677915096283
1993-02-05,0.8162165284156799
1993-02-06,0.8477857112884521
1993-02-07,0.8723445534706115
1993-02-08,0.9105592370033264
1993-02-09,0.8571710586547852
1993-02-10,0.7557307481765747
1993-02-11,0.7202748656272888
1993-02-12,0.6645721197128296
1993-02-13,0.6689608097076416
1993-02-14,0.5761219263076782
1993-02-15,0.4507170617580413
1993-02-16,0.3804476857185364
1993-02-17,0.3625591993331909
1993-02-18,0.40780979394912714
1993-02-19,0.4670301079750061
1993-02-20,0.528886616230011
1993-02-21,0.5252126455307007
1993-02-22,0.5472763180732727
1993-02-23,0.4891567826271057
1993-02-24,0.4738627076148986
1993-02-25,0.5068439245223999
1993-02-26,0.5159708857536316
1993-02-27,0.5922346115112305
1993-02-28,0.6818692088127136
1993-03-01,0.7466344237327575
1993-03-02,0.7346782684326172
1993-03-03,0.8013253808021545
1993-03-04,0.8636848330497741
1993-03-05,1.0713759660720823
1993-03-06,1.1514506340026855
1993-03-07,1.1985582113265991
1993-03-08,0.960125207901001
1993-03-09,0.9426900744438172
1993-03-10,0.9584819078445432
1993-03-11,0.9041095972061156
1993-03-12,0.9248263239860534
1993-03-13,0.9218401312828066
1993-03-14,0.977832198143005
1993-03-15,0.8603137731552125
1993-03-16,0.7487826943397523
1993-03-17,0.849029541015625
1993-03-18,0.9193814992904664
1993-03-19,0.9878603816032407
1993-03-20,0.992940604686737
1993-03-21,1.121993899345398
1993-03-22,1.182897925376892
1993-03-23,1.0108639001846311
1993-03-24,0.8755176663398743
1993-03-25,0.9097670912742616
1993-03-26,1.0269609689712524
1993-03-27,1.0637681484222412
1993-03-28,1.0522198677062988
1993-03-29,0.9574612975120544
1993-03-30,0.94998037815094
1993-03-31,1.0787917375564575
1993-04-01,1.2066800594329832
1993-04-02,1.1995279788970945
1993-04-03,1.0403634309768677
1993-04-04,0.991065204143524
1993-04-05,1.0410997867584229
1993-04-06,0.9701188206672668
1993-04-07,1.1434704065322878
1993-04-08,1.1937748193740847
1993-04-09,1.1445488929748535
1993-04-10,1.0998876094818113
1993-04-11,1.0165951251983643
1993-04-12,1.0138651132583618
1993-04-13,1.0320645570755007
1993-04-14,1.149564266204834
1993-04-15,1.2538111209869385
1993-04-16,1.1963802576065063
1993-04-17,1.262426018714905
1993-04-18,1.1597120761871336
1993-04-19,1.221849203109741
1993-04-20,1.4265300035476685
1993-04-21,1.4727557897567747
1993-04-22,1.3025629520416258
1993-04-23,1.2889201641082764
1993-04-24,1.3328428268432615
1993-04-25,1.2501388788223267
1993-04-26,1.1981770992279053
1993-04-27,1.2652522325515747
1993-04-28,1.2697119712829588
1993-04-29,1.3908746242523191
1993-04-30,1.3866227865219118
1993-05-01,1.3463823795318604
1993-05-02,1.37204372882843
1993-05-03,1.403199553489685
1993-05-04,1.3600281476974487
1993-05-05,1.68159282207489
1993-05-06,1.4125796556472778
1993-05-07,1.2689976692199707
1993-05-08,1.3083425760269165
1993-05-09,1.6082454919815066
1993-05-10,2.2494468688964844
1993-05-11,2.476598501205445
1993-05-12,2.7150232791900635
1993-05-13,2.2031881809234615
1993-05-14,2.0396435260772705
1993-05-15,1.898810148239136
1993-05-16,2.1787829399108887
1993-05-17,2.600695848464966
1993-05-18,2.8139464855194087
1993-05-19,2.517592191696167
1993-05-20,2.18036150932312
1993-05-21,1.870788097381592
1993-05-22,1.6723139286041262
1993-05-23,1.9471486806869505
1993-05-24,2.5923025608062744
1993-05-25,2.5944409370422363
1993-05-26,2.3660924434661865
1993-05-27,2.365957260131836
1993-05-28,2.0643372535705566
1993-05-29,2.0644381046295166
1993-05-30,2.308671712875366
1993-05-31,2.0905442237854004
1993-06-01,2.014654874801636
1993-06-02,1.8492195606231685
1993-06-03,1.860716700553894
1993-06-04,2.005718231201172
1993-06-05,2.2874722480773926
1993-06-06,2.09879207611084
1993-06-07,1.681239128112793
1993-06-08,1.7583212852478027
1993-06-09,1.8364763259887693
1993-06-10,1.7711721658706663
1993-06-11,1.5832787752151487
1993-06-12,1.7270536422729492
1993-06-13,2.164326429367065
1993-06-14,2.255619525909424
1993-06-15,1.984288454055786
1993-06-16,2.1307969093322754
1993-06-17,2.469259977340698
1993-06-18,2.6493375301361084
1993-06-19,2.3580315113067623
1993-06-20,2.2651417255401602
1993-06-21,1.7429058551788328
1993-06-22,1.4807089567184448
1993-06-23,1.5778223276138303
1993-06-24,2.1190268993377686
1993-06-25,2.7560133934020996
1993-06-26,2.6763174533844
1993-06-27,1.9592161178588867
1993-06-28,1.7766474485397339
1993-06-29,1.8962455987930296
1993-06-30,2.1385993957519527
1993-07-01,2.1223702430725098
1993-07-02,1.8994367122650144
1993-07-03,1.8597700595855713
1993-07-04,1.9714936017990112
1993-07-05,2.035971403121948
1993-07-06,1.9784139394760127
1993-07-07,2.0963656902313232
1993-07-08,2.3587079048156734
1993-07-09,1.9591598510742192
1993-07-10,2.1602287292480464
1993-07-11,1.7853124141693117
1993-07-12,1.735326290130615
1993-07-13,1.933786392211914
1993-07-14,1.8860074281692505
1993-07-15,1.883107662200928
1993-07-16,1.9149895906448364
1993-07-17,1.958736538887024
1993-07-18,2.2991259098052974
1993-07-19,2.165043592453003
1993-07-20,1.8025029897689815
1993-07-21,2.0041263103485107
1993-07-22,2.1503741741180415
1993-07-23,2.0361707210540767
1993-07-24,1.8398351669311523
1993-07-25,1.9949312210083008
1993-07-26,2.373198270797729
1993-07-27,2.5535573959350586
1993-07-28,2.2281930446624756
1993-07-29,1.7672034502029417
1993-07-30,1.9816143512725832
1993-07-31,2.382274389266968
1993-08-01,2.7815113067626958
1993-08-02,3.080773591995239
1993-08-03,3.4540319442749023
1993-08-04,3.6459341049194336
1993-08-05,3.491366863250732
1993-08-06,2.896365880966186
1993-08-07,2.214332103729248
1993-08-08,2.1477351188659664
1993-08-09,2.175121307373047
1993-08-10,2.063814640045166
1993-08-11,2.0180380344390865
1993-08-12,2.1058053970336914
1993-08-13,1.861317038536072
1993-08-14,1.6574048995971682
1993-08-15,1.7131590843200686
1993-08-16,1.7051923274993894
1993-08-17,1.9493916034698493
1993-08-18,2.3404252529144287
1993-08-19,2.6625285148620605
1993-08-20,2.318919181823731
1993-08-21,1.8978713750839236
1993-08-22,2.085474491119385
1993-08-23,1.7095918655395508
1993-08-24,1.3823751211166382
1993-08-25,1.4525794982910156
1993-08-26,1.7485986948013306
1993-08-27,1.7388088703155518
1993-08-28,1.6240968704223633
1993-08-29,1.8305591344833372
1993-08-30,2.0860013961791997
1993-08-31,2.1967663764953613
1993-09-01,2.108612060546875
1993-09-02,2.42881441116333
1993-09-03,2.4975948333740234
1993-09-04,2.140976428985596
1993-09-05,2.0833261013031006
1993-09-06,2.325026750564575
1993-09-07,2.5498683452606206
1993-09-08,2.4957687854766846
1993-09-09,2.536741018295288
1993-09-10,2.298012971878052
1993-09-11,1.557871103286743
1993-09-12,1.3703142404556272
1993-09-13,1.5443387031555174
1993-09-14,1.483549118041992
1993-09-15,1.376229166984558
1993-09-16,1.4724026918411255
1993-09-17,1.560339689254761
1993-09-18,1.3068373203277588
1993-09-19,1.0721148252487183
1993-09-20,0.9564866423606871
1993-09-21,1.1050604581832884
1993-09-22,1.2788418531417847
1993-09-23,1.469311475753784
1993-09-24,1.3248132467269895
1993-09-25,1.337343454360962
1993-09-26,1.6361466646194458
1993-09-27,1.79782772064209
1993-09-28,1.8751451969146729
1993-09-29,1.8413438796997073
1993-09-30,1.5919284820556643
1993-10-01,1.5725458860397339
1993-10-02,1.725707650184631
1993-10-03,1.7776947021484377
1993-10-04,1.7505838871002195
1993-10-05,1.41444993019104
1993-10-06,1.0358775854110718
1993-10-07,1.0451593399047852
1993-10-08,1.0748353004455566
1993-10-09,1.1999590396881104
1993-10-10,1.2764625549316406
1993-10-11,1.2868136167526243
1993-10-12,1.238292574882507
1993-10-13,1.1556466817855835
1993-10-14,1.1279159784317017
1993-10-15,1.0944025516510008
1993-10-16,1.0096305608749387
1993-10-17,0.930582284927368
1993-10-18,0.9471814632415771
1993-10-19,1.0046210289001467
1993-10-20,1.026827335357666
1993-10-21,1.1136950254440308
1993-10-22,1.1488192081451416
1993-10-23,1.1602128744125366
1993-10-24,1.0252041816711424
1993-10-25,0.9994742274284362
1993-10-26,1.024816036224365
1993-10-27,1.139490008354187
1993-10-28,1.0618095397949219
1993-10-29,1.0346599817276
1993-10-30,1.00988507270813
1993-10-31,0.8903939723968506
1993-11-01,0.775387167930603
1993-11-02,0.8508833050727844
1993-11-03,0.8481450080871583
1993-11-04,0.7250663042068481
1993-11-05,0.7119717597961426
1993-11-06,0.7237261533737183
1993-11-07,0.6773043274879456
1993-11-08,0.6782848238945007
1993-11-09,0.6683145761489868
1993-11-10,0.6965550184249878
1993-11-11,0.6568855047225952
1993-11-12,0.5932372212409972
1993-11-13,0.5749320983886719
1993-11-14,0.5898038744926452
1993-11-15,0.6492270827293396
1993-11-16,0.6212391257286072
1993-11-17,0.5762736201286316
1993-11-18,0.5668904781341553
1993-11-19,0.6042150855064392
1993-11-20,0.6029293537139891
1993-11-21,0.569817066192627
1993-11-22,0.39678931236267084
1993-11-23,0.27945882081985474
1993-11-24,0.28529441356658936
1993-11-25,0.32044270634651184
1993-11-26,0.3580349385738373
1993-11-27,0.4656301140785217
1993-11-28,0.5033673048019409
1993-11-29,0.570385754108429
1993-11-30,0.613484799861908
1993-12-01,0.6924201250076293
1993-12-02,0.7013551592826843
1993-12-03,0.7831124067306519
1993-12-04,0.6209514141082764
1993-12-05,0.4611675143241882
1993-12-06,0.4527516663074493
1993-12-07,0.5093150138854982
1993-12-08,0.5590637922286988
1993-12-09,0.6523656845092773
1993-12-10,0.7600080966949463
1993-12-11,0.6408974528312684
1993-12-12,0.5605804920196532
1993-12-13,0.5725903511047364
1993-12-14,0.5812492966651917
1993-12-15,0.5358335375785828
1993-12-16,0.4847534596920013
1993-12-17,0.4229550659656525
1993-12-18,0.4091476798057556
1993-12-19,0.44261592626571655
1993-12-20,0.4539404511451721
1993-12-21,0.4182000458240509
1993-12-22,0.437320739030838
1993-12-23,0.493736207485199
1993-12-24,0.4770335257053375
1993-12-25,0.4639855325222015
1993-12-26,0.4290215075016022
1993-12-27,0.4241176545619965
1993-12-28,0.40671548247337347
1993-12-29,0.459305614233017
1993-12-30,0.5380945205688477
1993-12-31,0.6120396852493286
1994-01-01,0.6245565414428712
1994-01-02,0.7099480032920837
1994-01-03,0.687777578830719
1994-01-04,0.6779398322105408
1994-01-05,0.5931785702705384
1994-01-06,0.54006427526474
1994-01-07,0.5626310110092163
1994-01-08,0.5900685191154481
1994-01-09,0.6466318964958191
1994-01-10,0.6569047570228577
1994-01-11,0.67422217130661
1994-01-12,0.7543913722038269
1994-01-13,0.7694960832595826
1994-01-14,0.8035175204277037
1994-01-15,0.6632742881774902
1994-01-16,0.6453904509544371
1994-01-17,0.6403710842132568
1994-01-18,0.6880474090576172
1994-01-19,0.7144695520401001
1994-01-20,0.7260990142822266
1994-01-21,0.7412126660346985
1994-01-22,0.7693114876747131
1994-01-23,0.7419518232345581
1994-01-24,0.7067824602127076
1994-01-25,0.6763559579849243
1994-01-26,0.5887904763221741
1994-01-27,0.6138156652450562
1994-01-28,0.6135545372962952
1994-01-29,0.6975082159042358
1994-01-30,0.6070092916488647
1994-01-31,0.6395764350891113
1994-02-01,0.6119455099105834
1994-02-02,0.639419674873352
1994-02-03,0.5469768047332764
1994-02-04,0.4821313619613648
1994-02-05,0.5673433542251587
1994-02-06,0.5800141096115112
1994-02-07,0.381786823272705
1994-02-08,0.3661691844463348
1994-02-09,0.4520803689956665
1994-02-10,0.5743069648742675
1994-02-11,0.5724883675575256
1994-02-12,0.6321377754211425
1994-02-13,0.6384029984474182
1994-02-14,0.6719318628311156
1994-02-15,0.7258412241935731
1994-02-16,0.8173221349716187
1994-02-17,0.798019289970398
1994-02-18,0.6511726975440979
1994-02-19,0.6728592514991759
1994-02-20,0.6854203939437865
1994-02-21,0.6756742596626281
1994-02-22,0.6487517952919007
1994-02-23,0.6128162741661071
1994-02-24,0.5373108386993408
1994-02-25,0.5184034109115601
1994-02-26,0.6082718968391418
1994-02-27,0.8056360483169555
1994-02-28,0.9879313111305233
1994-03-01,1.1448564529418943
1994-03-02,1.0608245134353635
1994-03-03,1.1050809621810913
1994-03-04,0.8707045912742615
1994-03-05,0.7571789026260376
1994-03-06,0.7266250252723693
1994-03-07,0.851885735988617
1994-03-08,0.9489806890487668
1994-03-09,0.9964297413825987
1994-03-10,0.9019224047660828
1994-03-11,0.9211052656173706
1994-03-12,1.106434345245361
1994-03-13,1.3184961080551147
1994-03-14,1.2517817020416258
1994-03-15,1.118395447731018
1994-03-16,0.8845813274383546
1994-03-17,0.843507945537567
1994-03-18,0.8104354739189148
1994-03-19,0.8065524697303772
1994-03-20,0.8380736112594604
1994-03-21,0.7412852644920348
1994-03-22,0.7388047575950623
1994-03-23,0.7012217640876769
1994-03-24,0.89959579706192
1994-03-25,1.0514262914657593
1994-03-26,1.317879915237427
1994-03-27,1.595574975013733
1994-03-28,1.6566416025161743
1994-03-29,1.5540449619293213
1994-03-30,1.3602681159973145
1994-03-31,1.112238883972168
1994-04-01,1.1530452966690063
1994-04-02,1.1072067022323608
1994-04-03,0.9744217991828918
1994-04-04,0.975411355495453
1994-04-05,1.03459894657135
1994-04-06,0.9975770115852358
1994-04-07,1.0482991933822632
1994-04-08,1.1116567850112915
1994-04-09,1.167119026184082
1994-04-10,1.1840502023696897
1994-04-11,1.4032174348831177
1994-04-12,1.1048872470855713
1994-04-13,0.9553954005241392
1994-04-14,0.9976736903190612
1994-04-15,1.4272872209548952
1994-04-16,1.8435057401657104
1994-04-17,1.9835332632064815
1994-04-18,1.9918887615203855
1994-04-19,1.5628107786178589
1994-04-20,1.6689577102661133
1994-04-21,1.3791134357452393
1994-04-22,1.3712458610534672
1994-04-23,1.4691195487976074
1994-04-24,1.255873441696167
1994-04-25,1.2155419588088987
1994-04-26,1.2325598001480103
1994-04-27,1.3831378221511839
1994-04-28,1.6018511056900024
1994-04-29,1.518332600593567
1994-04-30,1.273404359817505
1994-05-01,1.334747076034546
1994-05-02,1.3156113624572754
1994-05-03,1.365437388420105
1994-05-04,1.6262134313583372
1994-05-05,1.917345762252808
1994-05-06,2.3558228015899654
1994-05-07,2.3431539535522465
1994-05-08,2.2847530841827393
1994-05-09,2.0427086353302
1994-05-10,2.189928770065308
1994-05-11,2.1447150707244877
1994-05-12,1.6626317501068113
1994-05-13,1.3452067375183103
1994-05-14,1.4543725252151487
1994-05-15,1.3638389110565183
1994-05-16,1.417816281318664
1994-05-17,1.352652668952942
1994-05-18,1.7006266117095947
1994-05-19,1.7015770673751833
1994-05-20,1.544103980064392
1994-05-21,1.7749023437500002
1994-05-22,1.8980402946472168
1994-05-23,2.241153717041016
1994-05-24,2.507824659347534
1994-05-25,2.1562688350677486
1994-05-26,1.5991071462631223
1994-05-27,1.4816325902938843
1994-05-28,1.3778460025787351
1994-05-29,1.4021928310394287
1994-05-30,1.9047931432724
1994-05-31,1.8263839483261108
1994-06-01,1.669495344161987
1994-06-02,1.8713680505752563
1994-06-03,2.1509289741516113
1994-06-04,1.7609792947769165
1994-06-05,1.760706663131714
1994-06-06,1.6059072017669678
1994-06-07,1.6274762153625488
1994-06-08,1.9020092487335205
1994-06-09,2.119102716445923
1994-06-10,2.454665184020996
1994-06-11,2.334436178207397
1994-06-12,2.2275261878967285
1994-06-13,1.6118123531341553
1994-06-14,1.518466830253601
1994-06-15,1.7163369655609129
1994-06-16,1.9216052293777464
1994-06-17,1.963140845298767
1994-06-18,1.8608216047286987
1994-06-19,2.077489137649536
1994-06-20,2.6188371181488037
1994-06-21,2.692135572433472
1994-06-22,2.7293601036071777
1994-06-23,1.9341167211532593
1994-06-24,1.9798713922500608
1994-06-25,1.9390249252319331
1994-06-26,1.7942509651184082
1994-06-27,2.3585681915283203
1994-06-28,2.5722389221191406
1994-06-29,2.2039885520935054
1994-06-30,2.1539347171783447
1994-07-01,1.8782570362091064
1994-07-02,1.6686469316482544
1994-07-03,1.936654090881348
1994-07-04,1.8669379949569704
1994-07-05,1.9158835411071775
1994-07-06,2.3983662128448486
1994-07-07,2.7932441234588623
1994-07-08,2.7311406135559078
1994-07-09,2.5295090675354004
1994-07-10,2.5224831104278564
1994-07-11,2.513492107391357
1994-07-12,2.596962690353393
1994-07-13,2.721599102020264
1994-07-14,2.51684832572937
1994-07-15,2.5850510597229004
1994-07-16,2.8857436180114746
1994-07-17,2.6757292747497563
1994-07-18,2.3953886032104488
1994-07-19,2.8742249011993404
1994-07-20,3.9715952873229985
1994-07-21,3.895797491073608
1994-07-22,3.6645777225494385
1994-07-23,3.219898223876953
1994-07-24,3.007120370864868
1994-07-25,2.4671061038970947
1994-07-26,2.426255702972412
1994-07-27,2.6302809715271005
1994-07-28,2.5670728683471675
1994-07-29,2.1842381954193115
1994-07-30,2.0459122657775874
1994-07-31,2.184117078781128
1994-08-01,2.470788955688477
1994-08-02,2.5574321746826167
1994-08-03,2.4383955001831055
1994-08-04,2.3855824470520015
1994-08-05,2.012924194335937
1994-08-06,1.9572397470474243
1994-08-07,1.9157224893569944
1994-08-08,1.6534124612808228
1994-08-09,1.9303165674209597
1994-08-10,2.3905286788940434
1994-08-11,2.4435575008392334
1994-08-12,2.2719564437866206
1994-08-13,2.3272020816802974
1994-08-14,2.1705291271209726
1994-08-15,1.8984314203262331
1994-08-16,1.925981521606445
1994-08-17,1.9548065662384035
1994-08-18,1.9835376739501955
1994-08-19,1.9590399265289304
1994-08-20,1.9066470861434937
1994-08-21,1.6482750177383423
1994-08-22,1.5450898408889768
1994-08-23,1.6767015457153318
1994-08-24,1.635052680969238
1994-08-25,1.607666492462158
1994-08-26,1.643157958984375
1994-08-27,2.1198410987854004
1994-08-28,1.8523746728897093
1994-08-29,1.5694968700408933
1994-08-30,1.7752851247787473
1994-08-31,1.9010459184646609
1994-09-01,1.553596019744873
1994-09-02,1.5034084320068357
1994-09-03,1.3969331979751587
1994-09-04,1.549837946891785
1994-09-05,1.7813973426818845
1994-09-06,1.9678087234497073
1994-09-07,1.9082597494125368
1994-09-08,1.4749615192413332
1994-09-09,1.2814841270446775
1994-09-10,1.3055037260055542
1994-09-11,1.3374679088592527
1994-09-12,1.3572063446044922
1994-09-13,1.3831459283828735
1994-09-14,1.5283631086349487
1994-09-15,1.7723293304443362
1994-09-16,2.0709173679351807
1994-09-17,2.1996288299560542
1994-09-18,1.9486540555953975
1994-09-19,1.853926658630371
1994-09-20,1.8329818248748777
1994-09-21,2.0719783306121826
1994-09-22,2.186554193496704
1994-09-23,2.1855514049530034
1994-09-24,2.1180450916290283
1994-09-25,1.8284690380096436
1994-09-26,1.6799986362457278
1994-09-27,1.8011345863342283
1994-09-28,1.7462147474288943
1994-09-29,1.412664771080017
1994-09-30,1.439755201339722
1994-10-01,1.2601033449172971
1994-10-02,1.007362723350525
1994-10-03,1.0351245403289795
1994-10-04,1.12135124206543
1994-10-05,1.081792712211609
1994-10-06,0.9761880040168762
1994-10-07,1.0992540121078491
1994-10-08,1.2877731323242188
1994-10-09,1.2928512096405027
1994-10-10,0.9331399798393248
1994-10-11,0.8528726696968078
1994-10-12,0.8784340023994445
1994-10-13,0.8413236141204836
1994-10-14,0.7713704705238342
1994-10-15,0.778171420097351
1994-10-16,0.869879126548767
1994-10-17,0.8222088813781737
1994-10-18,0.9109769463539124
1994-10-19,0.8404043912887572
1994-10-20,0.9388427734375
1994-10-21,0.8604112267494202
1994-10-22,0.8336672186851501
1994-10-23,0.9642548561096193
1994-10-24,1.059722661972046
1994-10-25,1.1177874803543093
1994-10-26,1.0678420066833496
1994-10-27,0.8315470814704895
1994-10-28,0.7720000147819519
1994-10-29,0.7596182823181152
1994-10-30,0.736887276172638
1994-10-31,0.8566709756851197
1994-11-01,0.6740034818649292
1994-11-02,0.6277713179588317
1994-11-03,0.5662559866905214
1994-11-04,0.594310224056244
1994-11-05,0.546895682811737
1994-11-06,0.5880692005157471
1994-11-07,0.6562879085540771
1994-11-08,0.6553893089294432
1994-11-09,0.6840549707412721
1994-11-10,0.6654338240623474
1994-11-11,0.637100338935852
1994-11-12,0.5940762162208557
1994-11-13,0.6252715587615967
1994-11-14,0.6874223947525024
1994-11-15,0.6417802572250367
1994-11-16,0.5340068340301514
1994-11-17,0.4651691913604736
1994-11-18,0.430979460477829
1994-11-19,0.5784773826599121
1994-11-20,0.4882866740226746
1994-11-21,0.4298753440380096
1994-11-22,0.43054938316345215
1994-11-23,0.52010977268219
1994-11-24,0.5105882287025452
1994-11-25,0.5612764358520508
1994-11-26,0.5125514268875122
1994-11-27,0.5143718719482421
1994-11-28,0.5365049242973329
1994-11-29,0.6523384451866149
1994-11-30,0.689882218837738
1994-12-01,0.5922886729240417
1994-12-02,0.42020258307456965
1994-12-03,0.3578437864780426
1994-12-04,0.3060759902000427
1994-12-05,0.29377031326293945
1994-12-06,0.3620069622993469
1994-12-07,0.41419750452041626
1994-12-08,0.4655508995056152
1994-12-09,0.4650816321372986
1994-12-10,0.4695834517478944
1994-12-11,0.4547466933727264
1994-12-12,0.4577785730361938
1994-12-13,0.3947316110134125
1994-12-14,0.3837317526340485
1994-12-15,0.4810582101345063
1994-12-16,0.5639117956161499
1994-12-17,0.665727436542511
1994-12-18,0.6592352986335754
1994-12-19,0.6446486711502075
1994-12-20,0.6857872605323792
1994-12-21,0.6561179161071777
1994-12-22,0.6564027070999146
1994-12-23,0.6657412052154541
1994-12-24,0.6262254118919373
1994-12-25,0.5302567481994629
1994-12-26,0.6239423751831055
1994-12-27,0.6988256573677064
1994-12-28,0.5271642208099365
1994-12-29,0.43380346894264227
1994-12-30,0.42976829409599293
1994-12-31,0.4262571334838867
1995-01-01,0.4004904925823212
1995-01-02,0.41886565089225763
1995-01-03,0.443598210811615
1995-01-04,0.4286298751831055
1995-01-05,0.44155687093734736
1995-01-06,0.41123384237289434
1995-01-07,0.4639299809932709
1995-01-08,0.5392180681228637
1995-01-09,0.6290729045867919
1995-01-10,0.6662758588790894
1995-01-11,0.6488734483718872
1995-01-12,0.6218444108963013
1995-01-13,0.6448809504508972
1995-01-14,0.642627477645874
1995-01-15,0.6224896311759949
1995-01-16,0.5818944573402405
1995-01-17,0.5456715226173401
1995-01-18,0.5902708172798157
1995-01-19,0.5695616602897645
1995-01-20,0.6353351473808289
1995-01-21,0.6651859879493713
1995-01-22,0.643844723701477
1995-01-23,0.65006285905838
1995-01-24,0.6781553030014039
1995-01-25,0.6869200468063354
1995-01-26,0.656328022480011
1995-01-27,0.5957882404327393
1995-01-28,0.6329824328422546
1995-01-29,0.7996869087219238
1995-01-30,0.8833358883857727
1995-01-31,0.9677525758743286
1995-02-01,0.8670783042907715
1995-02-02,0.7508550882339476
1995-02-03,0.9003965258598327
1995-02-04,0.9387288093566895
1995-02-05,0.9447855353355408
1995-02-06,0.9053667783737182
1995-02-07,0.8131115436553956
1995-02-08,0.8457610607147215
1995-02-09,0.823882818222046
1995-02-10,0.7666754126548767
1995-02-11,0.5795149207115173
1995-02-12,0.3942353427410126
1995-02-13,0.329444020986557
1995-02-14,0.34903556108474726
1995-02-15,0.4482768476009369
1995-02-16,0.6763699650764465
1995-02-17,0.7752864360809326
1995-02-18,0.919402539730072
1995-02-19,1.0825920104980469
1995-02-20,1.1456987857818604
1995-02-21,0.9237161874771118
1995-02-22,0.8719192147254944
1995-02-23,1.0528595447540285
1995-02-24,1.0194143056869507
1995-02-25,0.8604682087898254
1995-02-26,0.757602035999298
1995-02-27,0.6756850481033325
1995-02-28,0.7164483666419983
1995-03-01,0.6690877079963684
1995-03-02,0.7022378444671631
1995-03-03,0.7695209980010985
1995-03-04,0.7034819722175598
1995-03-05,0.6408073902130127
1995-03-06,0.661882758140564
1995-03-07,0.7128717303276063
1995-03-08,0.7685961723327634
1995-03-09,1.008807897567749
1995-03-10,1.0719465017318721
1995-03-11,0.997433543205261
1995-03-12,0.921384572982788
1995-03-13,0.9596427083015437
1995-03-14,1.0743005275726318
1995-03-15,0.946798861026764
1995-03-16,0.9580467939376832
1995-03-17,1.16238272190094
1995-03-18,1.1202111244201662
1995-03-19,1.002274751663208
1995-03-20,0.9982053041458128
1995-03-21,0.8440104722976685
1995-03-22,0.8069535493850707
1995-03-23,0.8604605793952941
1995-03-24,0.7589119076728819
1995-03-25,0.7712190747261046
1995-03-26,0.902608335018158
1995-03-27,1.1374197006225586
1995-03-28,1.2394161224365232
1995-03-29,1.3534988164901731
1995-03-30,1.5140893459320066
1995-03-31,1.3666945695877073
1995-04-01,1.0867063999176023
1995-04-02,1.0978157520294187
1995-04-03,1.4560575485229492
1995-04-04,1.114641785621643
1995-04-05,1.0100314617156982
1995-04-06,1.08105993270874
1995-04-07,1.1655668020248413
1995-04-08,1.0542546510696411
1995-04-09,1.0586178302764893
1995-04-10,1.0212254524230957
1995-04-11,1.1011168956756592
1995-04-12,1.02886700630188
1995-04-13,0.974172651767731
1995-04-14,0.9670254588127136
1995-04-15,1.051401138305664
1995-04-16,1.195488691329956
1995-04-17,1.0881190299987793
1995-04-18,1.0539609193801882
1995-04-19,1.0532883405685425
1995-04-20,1.1403125524520872
1995-04-21,1.1677265167236328
1995-04-22,1.421448826789856
1995-04-23,1.7179944515228271
1995-04-24,1.5695530176162718
1995-04-25,1.6467247009277342
1995-04-26,1.6852837800979612
1995-04-27,1.5987006425857542
1995-04-28,1.3981090784072878
1995-04-29,1.413557410240173
1995-04-30,1.5402535200119016
1995-05-01,1.4669249057769775
1995-05-02,1.28396999835968
1995-05-03,1.3844884634017944
1995-05-04,1.4291247129440308
1995-05-05,1.3510835170745847
1995-05-06,1.4182701110839844
1995-05-07,1.5169278383255005
1995-05-08,1.7588251829147339
1995-05-09,1.8036215305328367
1995-05-10,1.5475690364837644
1995-05-11,1.3503785133361816
1995-05-12,1.3768920898437502
1995-05-13,1.8133902549743648
1995-05-14,2.275952816009521
1995-05-15,2.2914037704467773
1995-05-16,1.7986770868301392
1995-05-17,1.3801200389862063
1995-05-18,1.3862892389297483
1995-05-19,1.7304917573928833
1995-05-20,1.9511260986328125
1995-05-21,2.0946619510650635
1995-05-22,2.270456314086914
1995-05-23,2.1772532463073726
1995-05-24,2.252146959304809
1995-05-25,2.3034415245056152
1995-05-26,2.360582113265991
1995-05-27,2.3613722324371333
1995-05-28,2.514916181564331
1995-05-29,2.6987619400024414
1995-05-30,2.3407871723175044
1995-05-31,2.1074280738830566
1995-06-01,2.1710634231567383
1995-06-02,2.070968389511109
1995-06-03,2.106275081634521
1995-06-04,1.7907527685165403
1995-06-05,1.3578099012374878
1995-06-06,1.247382879257202
1995-06-07,1.8215112686157224
1995-06-08,2.3668787479400635
1995-06-09,2.4463789463043204
1995-06-10,2.1811978816986084
1995-06-11,1.8007133007049563
1995-06-12,1.8527027368545532
1995-06-13,1.7379435300827029
1995-06-14,1.8073520660400388
1995-06-15,1.8184874057769775
1995-06-16,1.8610783815383911
1995-06-17,1.8203797340393064
1995-06-18,1.760187745094299
1995-06-19,1.6178913116455078
1995-06-20,1.6655720472335815
1995-06-21,1.8061681985855105
1995-06-22,2.2141904830932613
1995-06-23,2.695849418640137
1995-06-24,2.77268385887146
1995-06-25,2.5776493549346924
1995-06-26,2.4016499519348145
1995-06-27,2.71471643447876
1995-06-28,3.089500188827514
1995-06-29,3.398775339126587
1995-06-30,3.7219719886779785
1995-07-01,3.433309555053711
1995-07-02,2.220195770263672
1995-07-03,1.9285620450973513
1995-07-04,2.162965774536133
1995-07-05,2.351122617721558
1995-07-06,2.451666593551636
1995-07-07,2.3916165828704834
1995-07-08,2.7605075836181636
1995-07-09,2.235146284103393
1995-07-10,2.120257616043091
1995-07-11,2.1513679027557373
1995-07-12,2.1707777976989746
1995-07-13,2.1667463779449467
1995-07-14,2.178457021713257
1995-07-15,2.464239597320556
1995-07-16,2.9187676906585693
1995-07-17,3.5408172607421875
1995-07-18,3.6559267044067374
1995-07-19,3.622228145599365
1995-07-20,3.1116132736206055
1995-07-21,2.465703010559082
1995-07-22,2.1253161430358887
1995-07-23,2.128355264663696
1995-07-24,2.179056644439697
1995-07-25,2.450244665145874
1995-07-26,2.086846828460693
1995-07-27,2.213233232498169
1995-07-28,2.2274460792541504
1995-07-29,1.782623052597046
1995-07-30,2.0194406509399414
1995-07-31,2.2971475124359126
1995-08-01,2.453723669052124
1995-08-02,2.347610712051392
1995-08-03,2.435585021972656
1995-08-04,2.613173246383667
1995-08-05,2.1994426250457764
1995-08-06,1.676403045654297
1995-08-07,1.5144311189651487
1995-08-08,1.6782995462417603
1995-08-09,2.1370110511779785
1995-08-10,1.9735741615295408
1995-08-11,1.821954369544983
1995-08-12,1.5225638151168823
1995-08-13,1.811986684799194
1995-08-14,1.8200984001159668
1995-08-15,1.612787842750549
1995-08-16,1.6432139873504639
1995-08-17,1.4459402561187742
1995-08-18,1.7850279808044431
1995-08-19,2.1798939704895015
1995-08-20,2.462670564651489
1995-08-21,2.320369243621826
1995-08-22,2.217247009277344
1995-08-23,1.8214750289916992
1995-08-24,1.7122112512588499
1995-08-25,1.8700063228607176
1995-08-26,1.763683557510376
1995-08-27,1.812139868736267
1995-08-28,1.8983917236328125
1995-08-29,1.649387836456299
1995-08-30,1.8450161218643188
1995-08-31,2.228822469711304
1995-09-01,2.500267267227173
1995-09-02,2.740302324295044
1995-09-03,2.5857796669006348
1995-09-04,1.7423013448715208
1995-09-05,1.6317620277404783
1995-09-06,1.6052070856094363
1995-09-07,1.6035634279251099
1995-09-08,2.0127389430999756
1995-09-09,2.152045726776123
1995-09-10,2.131774663925171
1995-09-11,2.022773265838623
1995-09-12,1.9149013757705688
1995-09-13,2.212348222732544
1995-09-14,2.436945676803589
1995-09-15,2.3131940364837646
1995-09-16,2.1580653190612793
1995-09-17,1.6249932050704958
1995-09-18,1.4624460935592651
1995-09-19,1.6301029920578003
1995-09-20,1.705604672431946
1995-09-21,1.704834461212158
1995-09-22,1.7914254665374756
1995-09-23,1.8602460622787476
1995-09-24,1.7898988723754883
1995-09-25,1.4441808462142947
1995-09-26,1.364773988723755
1995-09-27,1.334094047546387
1995-09-28,1.2389603853225708
1995-09-29,1.3361489772796633
1995-09-30,1.2048027515411377
1995-10-01,1.218644022941589
1995-10-02,1.348249077796936
1995-10-03,1.197412371635437
1995-10-04,1.190591812133789
1995-10-05,1.2190499305725095
1995-10-06,1.1767789125442507
1995-10-07,1.2170194387435913
1995-10-08,1.1401225328445435
1995-10-09,1.0983744859695435
1995-10-10,1.1743197441101074
1995-10-11,1.0437259674072263
1995-10-12,0.981962502002716
1995-10-13,1.0686545372009277
1995-10-14,1.5114760398864744
1995-10-15,1.5347133874893186
1995-10-16,1.205755591392517
1995-10-17,1.1046103239059448
1995-10-18,0.9663641452789306
1995-10-19,1.0718255043029783
1995-10-20,1.0418072938919067
1995-10-21,0.8538948893547058
1995-10-22,0.8392305374145508
1995-10-23,0.9502556324005128
1995-10-24,0.8755699992179871
1995-10-25,0.945562183856964
1995-10-26,0.8963301181793213
1995-10-27,0.8132274746894835
1995-10-28,0.7523691058158875
1995-10-29,0.7397715449333192
1995-10-30,0.7102738618850708
1995-10-31,0.6782844662666321
1995-11-01,0.6320602893829345
1995-11-02,0.6594235897064209
1995-11-03,0.6979032754898071
1995-11-04,0.7099654078483582
1995-11-05,0.6736516356468201
1995-11-06,0.6500273942947388
1995-11-07,0.8278985619544984
1995-11-08,0.8963803648948669
1995-11-09,0.686117947101593
1995-11-10,0.6689732670783997
1995-11-11,0.8842124342918397
1995-11-12,0.7623315453529358
1995-11-13,0.91825133562088
1995-11-14,1.1088528633117676
1995-11-15,0.9735777974128724
1995-11-16,0.8684704899787904
1995-11-17,0.9223337173461914
1995-11-18,0.8319158554077148
1995-11-19,0.7218747735023499
1995-11-20,0.7966538667678834
1995-11-21,0.8809379935264589
1995-11-22,0.9116908311843872
1995-11-23,0.9301732778549194
1995-11-24,0.9605654478073122
1995-11-25,0.7680585980415345
1995-11-26,0.6874309778213501
1995-11-27,0.7201046347618103
1995-11-28,0.8984487056732178
1995-11-29,0.921300411224365
1995-11-30,0.7236890792846679
1995-12-01,0.6317300796508788
1995-12-02,0.5615717172622681
1995-12-03,0.5793653726577759
1995-12-04,0.4984460473060608
1995-12-05,0.42676883935928334
1995-12-06,0.4129970371723175
1995-12-07,0.38087889552116405
1995-12-08,0.3182128965854645
1995-12-09,0.32878801226615906
1995-12-10,0.4205815494060516
1995-12-11,0.5970787405967712
1995-12-12,0.7270420193672179
1995-12-13,0.6783085465431213
1995-12-14,0.616704523563385
1995-12-15,0.601635217666626
1995-12-16,0.5856360197067261
1995-12-17,0.5443463325500488
1995-12-18,0.5714523792266845
1995-12-19,0.5713168382644653
1995-12-20,0.5762276649475098
1995-12-21,0.5290603041648864
1995-12-22,0.528429687023163
1995-12-23,0.4896690547466279
1995-12-24,0.4473924040794373
1995-12-25,0.41443717479705805
1995-12-26,0.4084964692592621
1995-12-27,0.422340452671051
1995-12-28,0.4648319780826569
1995-12-29,0.5377901196479796
1995-12-30,0.6952914595603944
1995-12-31,0.704311192035675
1996-01-01,0.683464765548706
1996-01-02,0.7772679328918458
1996-01-03,0.6849337816238403
1996-01-04,0.5357621312141418
1996-01-05,0.458778977394104
1996-01-06,0.5539652109146118
1996-01-07,0.7242557406425475
1996-01-08,0.7027972936630249
1996-01-09,0.6717074513435364
1996-01-10,0.6606437563896179
1996-01-11,0.7191332578659058
1996-01-12,0.7592829465866089
1996-01-13,0.6778402924537659
1996-01-14,0.790035605430603
1996-01-15,0.7539848685264589
1996-01-16,0.5563986897468568
1996-01-17,0.4673702716827393
1996-01-18,0.40142589807510376
1996-01-19,0.44428896903991694
1996-01-20,0.4957444667816161
1996-01-21,0.5169631242752076
1996-01-22,0.487694025039673
1996-01-23,0.5291303396224976
1996-01-24,0.5441614985466003
1996-01-25,0.4704179167747498
1996-01-26,0.4759941697120667
1996-01-27,0.4317092597484589
1996-01-28,0.39203909039497375
1996-01-29,0.28178888559341436
1996-01-30,0.227803573012352
1996-01-31,0.28238499164581293
1996-02-01,0.31791105866432184
1996-02-02,0.31494951248168945
1996-02-03,0.3413951098918914
1996-02-04,0.4780724048614501
1996-02-05,0.6322875618934632
1996-02-06,0.8555501103401184
1996-02-07,0.8696746826171876
1996-02-08,0.8865604996681213
1996-02-09,0.7221003174781798
1996-02-10,0.6850643157958984
1996-02-11,0.8665333986282349
1996-02-12,1.0182487964630127
1996-02-13,1.1775654554367063
1996-02-14,1.1787413358688354
1996-02-15,1.1626896858215332
1996-02-16,1.1457777023315427
1996-02-17,1.0023319721221924
1996-02-18,0.9193586111068724
1996-02-19,0.7943992018699647
1996-02-20,0.7954555153846739
1996-02-21,0.6887908577919007
1996-02-22,0.6037843823432922
1996-02-23,0.607020080089569
1996-02-24,0.5618832707405089
1996-02-25,0.5628945827484131
1996-02-26,0.5492528676986694
1996-02-27,0.4651899635791779
1996-02-28,0.4681194126605988
1996-02-29,0.6141943335533143
1996-03-01,0.8069214224815368
1996-03-02,0.886672556400299
1996-03-03,0.8265017867088317
1996-03-04,0.8250125050544737
1996-03-05,0.7723219990730285
1996-03-06,0.822108507156372
1996-03-07,0.8373741507530212
1996-03-08,1.016240119934082
1996-03-09,1.163387894630432
1996-03-10,1.1955506801605225
1996-03-11,1.1048451662063599
1996-03-12,0.9158012866973876
1996-03-13,0.97154438495636
1996-03-14,1.282587766647339
1996-03-15,0.9248329997062684
1996-03-16,0.8329717516899108
1996-03-17,0.94123375415802
1996-03-18,1.0754824876785278
1996-03-19,1.0056461095809937
1996-03-20,0.8942986130714417
1996-03-21,0.9978004693984986
1996-03-22,0.8598194718360899
1996-03-23,0.8377615809440612
1996-03-24,0.7186972498893737
1996-03-25,0.817902982234955
1996-03-26,0.9066509008407592
1996-03-27,0.8514814972877504
1996-03-28,0.8534297347068786
1996-03-29,0.8155154585838317
1996-03-30,0.8805920481681823
1996-03-31,0.927994191646576
1996-04-01,1.09434175491333
1996-04-02,0.9197257161140442
1996-04-03,0.96608167886734
1996-04-04,1.3128869533538818
1996-04-05,1.5436770915985105
1996-04-06,1.4620466232299805
1996-04-07,1.867732048034668
1996-04-08,1.874083995819092
1996-04-09,1.455532431602478
1996-04-10,1.1457291841506958
1996-04-11,1.08718740940094
1996-04-12,1.0444178581237793
1996-04-13,1.224002003669739
1996-04-14,1.4330891370773313
1996-04-15,1.5006977319717405
1996-04-16,1.3129326105117796
1996-04-17,1.203844904899597
1996-04-18,1.0265491008758545
1996-04-19,1.0578585863113406
1996-04-20,1.1846972703933716
1996-04-21,1.2850558757781982
1996-04-22,1.283313512802124
1996-04-23,1.3649462461471553
1996-04-24,1.181488156318664
1996-04-25,1.127200961112976
1996-04-26,1.1105852127075198
1996-04-27,1.1856275796890259
1996-04-28,1.2332009077072144
1996-04-29,1.4920400381088257
1996-04-30,1.382020115852356
1996-05-01,1.1531078815460205
1996-05-02,1.1409419775009153
1996-05-03,1.1282272338867188
1996-05-04,1.2347728013992307
1996-05-05,1.312584638595581
1996-05-06,1.3125169277191162
1996-05-07,1.134450078010559
1996-05-08,1.1626441478729246
1996-05-09,1.2019520998001099
1996-05-10,1.2414735555648804
1996-05-11,1.3689789772033691
1996-05-12,1.8115394115448
1996-05-13,1.8034267425537105
1996-05-14,1.6915605068206787
1996-05-15,1.6043988466262813
1996-05-16,1.5898401737213133
1996-05-17,1.671544313430786
1996-05-18,1.5952234268188479
1996-05-19,1.535461664199829
1996-05-20,1.4769542217254636
1996-05-21,1.4076337814331055
1996-05-22,1.3530504703521729
1996-05-23,1.6063811779022215
1996-05-24,2.02019476890564
1996-05-25,2.21384596824646
1996-05-26,1.9309065341949463
1996-05-27,1.569493532180786
1996-05-28,1.4915554523468015
1996-05-29,1.4341694116592407
1996-05-30,1.4470070600509644
1996-05-31,1.8220859766006468
1996-06-01,2.21801233291626
1996-06-02,2.9863948822021484
1996-06-03,2.6539561748504634
1996-06-04,1.8738857507705688
1996-06-05,2.130439281463623
1996-06-06,2.6024954319000244
1996-06-07,2.17280912399292
1996-06-08,1.938542366027832
1996-06-09,1.770416855812073
1996-06-10,1.8477944135665891
1996-06-11,1.798593759536743
1996-06-12,1.994583368301392
1996-06-13,2.004744529724121
1996-06-14,1.9993313550949097
1996-06-15,1.9041249752044676
1996-06-16,1.6879220008850095
1996-06-17,1.4682226181030271
1996-06-18,1.4555277824401855
1996-06-19,1.8324571847915647
1996-06-20,2.1103847026824956
1996-06-21,2.017216205596924
1996-06-22,1.7023326158523557
1996-06-23,1.7755727767944336
1996-06-24,1.8412474393844604
1996-06-25,2.0348453521728516
1996-06-26,2.1968908309936523
1996-06-27,1.9256328344345088
1996-06-28,1.7079926729202268
1996-06-29,2.1000401973724365
1996-06-30,2.4648234844207764
1996-07-01,2.6362535953521724
1996-07-02,2.6729843616485596
1996-07-03,2.387135982513428
1996-07-04,1.7845789194107056
1996-07-05,1.820479393005371
1996-07-06,2.257022857666016
1996-07-07,2.932302474975585
1996-07-08,3.076394081115722
1996-07-09,2.029261827468872
1996-07-10,2.1281304359436035
1996-07-11,2.7584445476531982
1996-07-12,3.2360231876373287
1996-07-13,3.495436668395996
1996-07-14,3.878405094146729
1996-07-15,2.9872937202453613
1996-07-16,2.2085680961608887
1996-07-17,1.5999752283096313
1996-07-18,1.572791814804077
1996-07-19,1.5887370109558105
1996-07-20,1.81477153301239
1996-07-21,2.326497077941894
1996-07-22,2.9520153999328618
1996-07-23,3.4769792556762695
1996-07-24,3.453897714614868
1996-07-25,3.424148559570312
1996-07-26,3.6270489692687993
1996-07-27,3.3687694072723384
1996-07-28,3.4159269332885747
1996-07-29,3.1860241889953613
1996-07-30,2.5516641139984126
1996-07-31,2.2436711788177486
1996-08-01,2.087117910385132
1996-08-02,1.7137497663497923
1996-08-03,1.5739276409149168
1996-08-04,1.6552582979202268
1996-08-05,1.7106207609176638
1996-08-06,2.0699470043182373
1996-08-07,2.5463314056396484
1996-08-08,3.1131248474121094
1996-08-09,3.1856999397277828
1996-08-10,3.4767243862152095
1996-08-11,2.2899484634399414
1996-08-12,2.2489469051361084
1996-08-13,2.9590137004852295
1996-08-14,2.5327036380767822
1996-08-15,2.2923591136932373
1996-08-16,1.967174172401428
1996-08-17,1.6490006446838377
1996-08-18,1.5798434019088743
1996-08-19,1.731651186943054
1996-08-20,1.5853028297424319
1996-08-21,1.7455066442489626
1996-08-22,2.2328085899353027
1996-08-23,2.729734182357788
1996-08-24,3.053659439086914
1996-08-25,3.3317358493804927
1996-08-26,2.6339809894561768
1996-08-27,1.9369378089904783
1996-08-28,2.080068826675415
1996-08-29,2.802831649780273
1996-08-30,2.051060438156128
1996-08-31,1.5766953229904175
1996-09-01,1.5653642416000364
1996-09-02,1.5728858709335325
1996-09-03,1.479997158050537
1996-09-04,1.295509696006775
1996-09-05,1.250542402267456
1996-09-06,1.3930785655975342
1996-09-07,1.5911197662353516
1996-09-08,1.6856266260147097
1996-09-09,1.606876969337463
1996-09-10,2.0381302833557124
1996-09-11,2.263380289077759
1996-09-12,1.6914372444152832
1996-09-13,1.431831240653992
1996-09-14,1.4373637437820435
1996-09-15,1.275240182876587
1996-09-16,1.3094967603683472
1996-09-17,1.3512719869613647
1996-09-18,1.2516123056411745
1996-09-19,1.255945086479187
1996-09-20,1.1822354793548584
1996-09-21,1.1205540895462036
1996-09-22,1.1115708351135252
1996-09-23,1.2657675743103027
1996-09-24,1.4483300447463987
1996-09-25,1.4467968940734863
1996-09-26,1.6312071084976194
1996-09-27,1.8810019493103027
1996-09-28,1.8051882982254028
1996-09-29,1.7101693153381348
1996-09-30,1.460013508796692
1996-10-01,1.3069719076156616
1996-10-02,1.3921178579330444
1996-10-03,1.5566344261169434
1996-10-04,1.5120089054107668
1996-10-05,1.2599236965179443
1996-10-06,1.468831181526184
1996-10-07,1.61953067779541
1996-10-08,1.7088669538497923
1996-10-09,1.9335457086563113
1996-10-10,1.6445224285125732
1996-10-11,1.1832697391510008
1996-10-12,1.1886559724807741
1996-10-13,1.0494061708450315
1996-10-14,1.0057268142700195
1996-10-15,0.8752625584602356
1996-10-16,0.7832136154174802
1996-10-17,0.7621409296989441
1996-10-18,0.8260879516601562
1996-10-19,0.7351188063621522
1996-10-20,0.7413638234138488
1996-10-21,0.7516099214553833
1996-10-22,0.8702921867370605
1996-10-23,0.8332194089889526
1996-10-24,0.8556641340255738
1996-10-25,0.7834671735763548
1996-10-26,0.7827647328376769
1996-10-27,0.8780080080032348
1996-10-28,0.9724817872047424
1996-10-29,0.9019140601158142
1996-10-30,0.806973934173584
1996-10-31,0.824143648147583
1996-11-01,0.9077532291412352
1996-11-02,0.8829464316368102
1996-11-03,0.7562475204467773
1996-11-04,0.6890526413917542
1996-11-05,0.6470304131507874
1996-11-06,0.7025675177574158
1996-11-07,0.6616005897521972
1996-11-08,0.8619611263275146
1996-11-09,1.0474042892456055
1996-11-10,1.0830473899841309
1996-11-11,1.0072014331817627
1996-11-12,0.9744926691055296
1996-11-13,0.8313207030296325
1996-11-14,0.7246557474136353
1996-11-15,0.6529405713081359
1996-11-16,0.6026817560195922
1996-11-17,0.5547059774398804
1996-11-18,0.523128092288971
1996-11-19,0.4624065160751343
1996-11-20,0.4610821902751923
1996-11-21,0.4710711240768432
1996-11-22,0.4017055630683898
1996-11-23,0.37443172931671137
1996-11-24,0.5030414462089539
1996-11-25,0.612573266029358
1996-11-26,0.6004366874694824
1996-11-27,0.7006407976150513
1996-11-28,0.6694036722183228
1996-11-29,0.5874453186988831
1996-11-30,0.6555280685424805
1996-12-01,0.5788596272468567
1996-12-02,0.507787823677063
1996-12-03,0.4608891010284424
1996-12-04,0.4700348675251007
1996-12-05,0.5482975244522095
1996-12-06,0.5330169796943665
1996-12-07,0.5452765226364136
1996-12-08,0.5952863097190857
1996-12-09,0.5922852158546447
1996-12-10,0.5996872782707214
1996-12-11,0.5529338121414185
1996-12-12,0.5727924704551697
1996-12-13,0.5504102110862732
1996-12-14,0.517354428768158
1996-12-15,0.5356321334838867
1996-12-16,0.5107573866844177
1996-12-17,0.4333129227161408
1996-12-18,0.504391610622406
1996-12-19,0.5339733362197876
1996-12-20,0.5308386087417603
1996-12-21,0.4519324600696564
1996-12-22,0.4524997770786285
1996-12-23,0.4517220556735992
1996-12-24,0.488295316696167
1996-12-25,0.385489821434021
1996-12-26,0.3185065984725952
1996-12-27,0.33709937334060663
1996-12-28,0.3655659556388855
1996-12-29,0.4290103614330292
1996-12-30,0.631488025188446
1996-12-31,0.5513960123062134
1997-01-01,0.7556098699569702
1997-01-02,0.6741514205932617
1997-01-03,0.5458587408065796
1997-01-04,0.5288950204849243
1997-01-05,0.5017136931419373
1997-01-06,0.5419402122497557
1997-01-07,0.6527320742607117
1997-01-08,0.6576684713363647
1997-01-09,0.692714512348175
1997-01-10,0.680944561958313
1997-01-11,0.5724375247955322
1997-01-12,0.38763794302940363
1997-01-13,0.4108566045761108
1997-01-14,0.4706212282180786
1997-01-15,0.4239937961101532
1997-01-16,0.4474826455116272
1997-01-17,0.5723822116851807
1997-01-18,0.7095708847045898
1997-01-19,0.7960137724876403
1997-01-20,0.67428058385849
1997-01-21,0.6597259640693665
1997-01-22,0.583569049835205
1997-01-23,0.536430299282074
1997-01-24,0.4749133884906769
1997-01-25,0.394113689661026
1997-01-26,0.34726375341415405
1997-01-27,0.3823792338371277
1997-01-28,0.5686265230178833
1997-01-29,0.749011993408203
1997-01-30,0.9027950167655946
1997-01-31,0.8072854280471802
1997-02-01,0.736046016216278
1997-02-02,0.635554313659668
1997-02-03,0.6079972982406616
1997-02-04,0.6374525427818298
1997-02-05,0.6089873313903809
1997-02-06,0.5531845092773438
1997-02-07,0.50809383392334
1997-02-08,0.4820456504821777
1997-02-09,0.5411928296089172
1997-02-10,0.6999841928482056
1997-02-11,0.6144822835922241
1997-02-12,0.6571062207221985
1997-02-13,0.7049379348754883
1997-02-14,0.8218135833740234
1997-02-15,1.0017337799072263
1997-02-16,1.0512303113937378
1997-02-17,0.8689246177673341
1997-02-18,0.7614501714706419
1997-02-19,0.7387310266494752
1997-02-20,0.7155817747116088
1997-02-21,0.7324258685112
1997-02-22,0.7326411008834839
1997-02-23,0.8615394830703734
1997-02-24,1.0045419931411743
1997-02-25,0.907640516757965
1997-02-26,0.7488712072372435
1997-02-27,0.6795691251754761
1997-02-28,0.6224356889724731
1997-03-01,0.7173267602920532
1997-03-02,0.733801245689392
1997-03-03,0.7022945284843444
1997-03-04,0.6616325974464417
1997-03-05,0.7250852584838867
1997-03-06,0.7985665798187254
1997-03-07,0.78310889005661
1997-03-08,0.8111523985862733
1997-03-09,0.8445690274238586
1997-03-10,0.8578030467033385
1997-03-11,0.7914353609085083
1997-03-12,0.7022888660430908
1997-03-13,0.7291341423988342
1997-03-14,0.7282150387763978
1997-03-15,0.79422265291214
1997-03-16,0.9600241184234622
1997-03-17,1.0373013019561768
1997-03-18,1.120597004890442
1997-03-19,1.2036597728729246
1997-03-20,0.9656268954277037
1997-03-21,0.9299699664115904
1997-03-22,1.1345121860504153
1997-03-23,0.9928883910179138
1997-03-24,1.0088419914245603
1997-03-25,1.4298380613327024
1997-03-26,1.1147061586380005
1997-03-27,0.9666921496391294
1997-03-28,0.8665658235549926
1997-03-29,0.9946426749229432
1997-03-30,1.1969921588897705
1997-03-31,0.895290195941925
1997-04-01,0.8873268365859986
1997-04-02,0.939956784248352
1997-04-03,0.8149337768554688
1997-04-04,0.8739607334136963
1997-04-05,1.04060959815979
1997-04-06,1.225770354270935
1997-04-07,1.173811912536621
1997-04-08,1.1722804307937624
1997-04-09,1.0814839601516724
1997-04-10,1.064505696296692
1997-04-11,1.0931050777435303
1997-04-12,1.2679288387298586
1997-04-13,1.117321252822876
1997-04-14,1.114701271057129
1997-04-15,1.2960506677627566
1997-04-16,1.4200031757354736
1997-04-17,1.2865003347396848
1997-04-18,1.2663766145706177
1997-04-19,1.334113836288452
1997-04-20,1.2473303079605103
1997-04-21,1.2844480276107788
1997-04-22,1.4198637008666992
1997-04-23,1.3449554443359375
1997-04-24,1.284542202949524
1997-04-25,1.4119158983230593
1997-04-26,1.7354243993759155
1997-04-27,1.312313199043274
1997-04-28,1.2981243133544922
1997-04-29,1.2879053354263303
1997-04-30,1.207615852355957
1997-05-01,1.2443641424179075
1997-05-02,1.269418716430664
1997-05-03,1.374286413192749
1997-05-04,1.481745362281799
1997-05-05,1.645264744758606
1997-05-06,1.4319851398468015
1997-05-07,1.561066150665283
1997-05-08,2.0677640438079834
1997-05-09,2.074546575546265
1997-05-10,2.1574132442474365
1997-05-11,2.4921059608459473
1997-05-12,2.6890764236450195
1997-05-13,2.4452311992645264
1997-05-14,2.4419021606445312
1997-05-15,2.278778314590454
1997-05-16,2.1339852809906
1997-05-17,1.7861723899841309
1997-05-18,1.9936635494232176
1997-05-19,1.8668619394302368
1997-05-20,1.4711827039718628
1997-05-21,1.5659556388854978
1997-05-22,1.5858830213546753
1997-05-23,1.4921684265136717
1997-05-24,1.4477804899215698
1997-05-25,1.4081645011901853
1997-05-26,1.6848728656768797
1997-05-27,1.87861967086792
1997-05-28,2.093292474746704
1997-05-29,2.029890537261963
1997-05-30,2.0058586597442623
1997-05-31,1.9534831047058103
1997-06-01,1.75393283367157
1997-06-02,2.0958480834960938
1997-06-03,2.077104330062866
1997-06-04,1.8429304361343384
1997-06-05,1.86207389831543
1997-06-06,1.9710999727249148
1997-06-07,1.864977598190308
1997-06-08,1.9498661756515503
1997-06-09,2.1833510398864746
1997-06-10,2.516306400299072
1997-06-11,2.1629080772399902
1997-06-12,1.7224992513656614
1997-06-13,1.8776255846023555
1997-06-14,2.2185866832733154
1997-06-15,2.482231616973877
1997-06-16,2.135293245315552
1997-06-17,2.153921365737915
1997-06-18,1.777676224708557
1997-06-19,1.7356555461883545
1997-06-20,1.9293773174285889
1997-06-21,1.8273733854293823
1997-06-22,1.7657382488250732
1997-06-23,1.7291764020919802
1997-06-24,2.021252393722534
1997-06-25,2.1590509414672847
1997-06-26,1.9657659530639648
1997-06-27,2.0787751674652095
1997-06-28,2.143474817276001
1997-06-29,2.0623350143432617
1997-06-30,1.977473855018616
1997-07-01,1.8754355907440183
1997-07-02,2.1546857357025146
1997-07-03,2.6700406074523926
1997-07-04,3.4666171073913574
1997-07-05,2.7724030017852783
1997-07-06,2.2603137493133545
1997-07-07,2.1488611698150635
1997-07-08,2.2719767093658447
1997-07-09,2.018791675567627
1997-07-10,1.8903278112411497
1997-07-11,1.9958742856979368
1997-07-12,2.160174608230591
1997-07-13,2.563528537750244
1997-07-14,2.740880489349365
1997-07-15,2.488684892654419
1997-07-16,2.508655071258545
1997-07-17,2.497314214706421
1997-07-18,2.390842914581299
1997-07-19,2.7552990913391118
1997-07-20,3.327566385269165
1997-07-21,2.4426243305206294
1997-07-22,2.1630055904388428
1997-07-23,2.2006397247314453
1997-07-24,2.227171897888184
1997-07-25,2.1770505905151363
1997-07-26,2.266688346862793
1997-07-27,2.6659095287323002
1997-07-28,2.7855944633483887
1997-07-29,2.356933832168579
1997-07-30,2.2940220832824707
1997-07-31,2.272663354873657
1997-08-01,2.4178407192230225
1997-08-02,2.453179836273194
1997-08-03,2.764011859893799
1997-08-04,2.758153676986695
1997-08-05,2.8263275623321533
1997-08-06,2.7943084239959717
1997-08-07,2.32075834274292
1997-08-08,2.1143181324005123
1997-08-09,2.48676872253418
1997-08-10,2.688827514648437
1997-08-11,2.7927043437957764
1997-08-12,2.8951356410980225
1997-08-13,2.7527413368225098
1997-08-14,2.656641721725464
1997-08-15,2.1182663440704346
1997-08-16,2.4145650863647456
1997-08-17,2.5377886295318604
1997-08-18,2.1628968715667725
1997-08-19,2.15381383895874
1997-08-20,2.0405824184417725
1997-08-21,1.9508067369461055
1997-08-22,2.283932685852051
1997-08-23,1.9844601154327393
1997-08-24,1.702506184577942
1997-08-25,1.8599724769592283
1997-08-26,1.7980660200119016
1997-08-27,1.652294635772705
1997-08-28,1.6522607803344729
1997-08-29,1.7817436456680293
1997-08-30,1.8495819568634035
1997-08-31,1.9993113279342647
1997-09-01,2.1194896697998047
1997-09-02,1.9303692579269407
1997-09-03,1.724176049232483
1997-09-04,1.84846293926239
1997-09-05,1.572553753852844
1997-09-06,1.5663063526153564
1997-09-07,1.8138192892074585
1997-09-08,2.192791223526001
1997-09-09,2.3507158756256104
1997-09-10,1.9848381280899048
1997-09-11,1.4702814817428589
1997-09-12,1.3003562688827515
1997-09-13,1.3818600177764893
1997-09-14,1.5291543006896973
1997-09-15,1.359062910079956
1997-09-16,1.303520917892456
1997-09-17,1.3595011234283447
1997-09-18,1.4442945718765259
1997-09-19,1.5915257930755613
1997-09-20,1.830703258514404
1997-09-21,2.167542695999145
1997-09-22,2.263972282409668
1997-09-23,2.363173723220825
1997-09-24,2.4660065174102783
1997-09-25,2.249889850616455
1997-09-26,1.5316179990768433
1997-09-27,1.364367485046387
1997-09-28,1.539918303489685
1997-09-29,1.7483386993408203
1997-09-30,1.659992218017578
1997-10-01,1.4895750284194946
1997-10-02,1.2362905740737917
1997-10-03,1.253509521484375
1997-10-04,1.2314071655273435
1997-10-05,1.1570205688476562
1997-10-06,1.0281777381896973
1997-10-07,0.9940298795700072
1997-10-08,0.9172943830490112
1997-10-09,0.9770368337631224
1997-10-10,0.9872007966041566
1997-10-11,0.9146810173988342
1997-10-12,0.927498698234558
1997-10-13,1.0594358444213867
1997-10-14,1.1877278089523315
1997-10-15,1.4624967575073242
1997-10-16,1.5781118869781494
1997-10-17,1.1789331436157224
1997-10-18,0.9827296733856198
1997-10-19,0.9809688925743104
1997-10-20,1.0318745374679563
1997-10-21,1.004539132118225
1997-10-22,0.8501309752464294
1997-10-23,0.7777249217033385
1997-10-24,0.7778184413909912
1997-10-25,0.9169667959213258
1997-10-26,0.965250253677368
1997-10-27,0.9129763841629028
1997-10-28,0.9020727276802064
1997-10-29,0.9557468295097352
1997-10-30,1.0847479104995728
1997-10-31,0.957813024520874
1997-11-01,0.9760344624519348
1997-11-02,0.959948718547821
1997-11-03,1.0200713872909544
1997-11-04,1.0005123615264895
1997-11-05,1.0989363193511963
1997-11-06,1.0738917589187622
1997-11-07,0.920785903930664
1997-11-08,0.866621732711792
1997-11-09,0.872468590736389
1997-11-10,0.8840413689613343
1997-11-11,0.8342136144638062
1997-11-12,0.7597799301147461
1997-11-13,0.7431477904319763
1997-11-14,0.7915636897087098
1997-11-15,0.7374095916748047
1997-11-16,0.7631506919860838
1997-11-17,0.6887839436531067
1997-11-18,0.7284252643585204
1997-11-19,0.6914403438568115
1997-11-20,0.7199124097824097
1997-11-21,0.6666067242622375
1997-11-22,0.6454177498817444
1997-11-23,0.6973581910133362
1997-11-24,0.6778945922851562
1997-11-25,0.6399625539779663
1997-11-26,0.6396006345748901
1997-11-27,0.6471346020698547
1997-11-28,0.7029178142547609
1997-11-29,0.7010260224342346
1997-11-30,0.6703068614006042
1997-12-01,0.5988146662712097
1997-12-02,0.5794440507888794
1997-12-03,0.6330173611640929
1997-12-04,0.6387518644332886
1997-12-05,0.6049885749816895
1997-12-06,0.5758758783340454
1997-12-07,0.5711621642112732
1997-12-08,0.5502983331680298
1997-12-09,0.5226378440856932
1997-12-10,0.5910810828208923
1997-12-11,0.5679427981376647
1997-12-12,0.5584980249404908
1997-12-13,0.5440552234649658
1997-12-14,0.5938459634780884
1997-12-15,0.5732882022857665
1997-12-16,0.6594530940055848
1997-12-17,0.6121956110000609
1997-12-18,0.5297910571098328
1997-12-19,0.514119803905487
1997-12-20,0.5304619073867798
1997-12-21,0.4374726116657257
1997-12-22,0.4242709577083588
1997-12-23,0.4950562119483948
1997-12-24,0.4987539649009705
1997-12-25,0.4709901213645935
1997-12-26,0.46466463804245
1997-12-27,0.53565514087677
1997-12-28,0.6823312044143677
1997-12-29,0.7060739994049073
1997-12-30,0.7048417329788209
1997-12-31,0.67302006483078
1998-01-01,0.5921719074249268
1998-01-02,0.483809858560562
1998-01-03,0.41992422938346863
1998-01-04,0.4619622826576232
1998-01-05,0.5362744927406312
1998-01-06,0.598675549030304
1998-01-07,0.5422554612159729
1998-01-08,0.43861365318298334
1998-01-09,0.3808735013008118
1998-01-10,0.34142923355102534
1998-01-11,0.26261040568351746
1998-01-12,0.2896645963191986
1998-01-13,0.4452373087406158
1998-01-14,0.573124885559082
1998-01-15,0.6097517609596252
1998-01-16,0.6233314871788024
1998-01-17,0.6746957898139954
1998-01-18,0.725932776927948
1998-01-19,0.6891821622848511
1998-01-20,0.6340746879577637
1998-01-21,0.5781599879264832
1998-01-22,0.6367982625961304
1998-01-23,0.6691291332244873
1998-01-24,0.7053696513175964
1998-01-25,0.7254514694213868
1998-01-26,0.7767819762229919
1998-01-27,0.7377929091453553
1998-01-28,0.7577983140945433
1998-01-29,0.846263349056244
1998-01-30,0.7840350866317748
1998-01-31,0.7676979899406433
1998-02-01,0.7718356251716613
1998-02-02,0.7201139330863953
1998-02-03,0.7520551085472108
1998-02-04,0.8364710211753844
1998-02-05,0.8123981356620787
1998-02-06,0.8560699820518493
1998-02-07,0.8446751236915587
1998-02-08,0.8142853975296019
1998-02-09,0.7251504063606262
1998-02-10,0.69117271900177
1998-02-11,0.7042313814163208
1998-02-12,0.7468419671058655
1998-02-13,0.7739480733871461
1998-02-14,0.741804003715515
1998-02-15,0.735125184059143
1998-02-16,0.7217580080032348
1998-02-17,0.8151713013648986
1998-02-18,0.7984065413475036
1998-02-19,0.8734584450721741
1998-02-20,0.8633444309234619
1998-02-21,0.7752407789230346
1998-02-22,0.7272371053695679
1998-02-23,0.710704505443573
1998-02-24,0.683754563331604
1998-02-25,0.6786684989929199
1998-02-26,0.6798086762428284
1998-02-27,0.6894103288650513
1998-02-28,0.7166138887405396
1998-03-01,0.803293287754059
1998-03-02,0.8052291274070739
1998-03-03,0.7398650646209715
1998-03-04,0.6725689768791199
1998-03-05,0.6881242394447327
1998-03-06,0.7007143497467041
1998-03-07,0.7272387146949768
1998-03-08,0.8166649341583252
1998-03-09,0.8123615980148315
1998-03-10,0.9074786305427552
1998-03-11,1.1525391340255735
1998-03-12,1.3065048456192017
1998-03-13,1.2952094078063965
1998-03-14,1.1577461957931519
1998-03-15,1.0602431297302246
1998-03-16,0.880814015865326
1998-03-17,0.8851276636123658
1998-03-18,1.0186527967453003
1998-03-19,1.1478984355926511
1998-03-20,1.30891478061676
1998-03-21,1.281651258468628
1998-03-22,1.155107855796814
1998-03-23,1.0850019454956057
1998-03-24,1.1751663684844968
1998-03-25,1.0691450834274292
1998-03-26,0.8868168592453004
1998-03-27,0.8540769219398497
1998-03-28,0.856918454170227
1998-03-29,0.8652300238609316
1998-03-30,0.902653396129608
1998-03-31,0.941498279571533
1998-04-01,0.958570420742035
1998-04-02,1.0265843868255615
1998-04-03,1.0035252571105957
1998-04-04,1.0032675266265867
1998-04-05,1.007347583770752
1998-04-06,1.0597475767135618
1998-04-07,0.987805426120758
1998-04-08,0.9819529056549072
1998-04-09,1.074625253677368
1998-04-10,1.1148593425750732
1998-04-11,1.016992211341858
1998-04-12,1.0098364353179932
1998-04-13,1.0634914636611938
1998-04-14,1.0925545692443848
1998-04-15,1.114141583442688
1998-04-16,1.0832171440124512
1998-04-17,1.2982347011566162
1998-04-18,1.3409507274627683
1998-04-19,1.2418657541275024
1998-04-20,1.5131540298461914
1998-04-21,1.6627821922302246
1998-04-22,1.8543200492858884
1998-04-23,1.4360196590423586
1998-04-24,1.1693414449691775
1998-04-25,1.2179089784622192
1998-04-26,1.4471169710159297
1998-04-27,1.8351250886917116
1998-04-28,2.094329833984375
1998-04-29,2.3418102264404297
1998-04-30,2.707209825515747
1998-05-01,2.7147369384765625
1998-05-02,2.1118855476379395
1998-05-03,1.680449843406677
1998-05-04,1.9391175508499143
1998-05-05,1.8455830812454224
1998-05-06,1.8890609741210935
1998-05-07,1.6119117736816408
1998-05-08,1.3453781604766846
1998-05-09,1.2606177330017088
1998-05-10,1.3522169589996336
1998-05-11,1.2841875553131106
1998-05-12,1.3932325839996336
1998-05-13,1.2623007297515867
1998-05-14,1.213057041168213
1998-05-15,1.3067431449890137
1998-05-16,1.401532769203186
1998-05-17,1.35913348197937
1998-05-18,1.4948606491088867
1998-05-19,1.8456310033798216
1998-05-20,1.8966859579086304
1998-05-21,1.5657806396484377
1998-05-22,1.5641354322433472
1998-05-23,1.719794988632202
1998-05-24,1.667945623397827
1998-05-25,1.4124796390533447
1998-05-26,1.2928922176361086
1998-05-27,1.2841429710388184
1998-05-28,1.7229256629943845
1998-05-29,1.9404366016387935
1998-05-30,1.7823635339736936
1998-05-31,2.178933620452881
1998-06-01,2.1858954429626465
1998-06-02,2.238870859146118
1998-06-03,2.3249237537384033
1998-06-04,2.01920747756958
1998-06-05,1.9955773353576656
1998-06-06,2.2849159240722656
1998-06-07,2.493174791336059
1998-06-08,2.4745957851409917
1998-06-09,2.3128981590271
1998-06-10,1.9142986536026
1998-06-11,1.845657587051392
1998-06-12,2.058072328567505
1998-06-13,1.9114084243774412
1998-06-14,1.94045615196228
1998-06-15,1.5734323263168333
1998-06-16,1.702907085418701
1998-06-17,1.9899749755859375
1998-06-18,1.6748006343841553
1998-06-19,1.6976363658905027
1998-06-20,2.3042328357696533
1998-06-21,2.7671964168548584
1998-06-22,2.6807727813720703
1998-06-23,2.044537544250488
1998-06-24,1.884783744812012
1998-06-25,1.7467304468154907
1998-06-26,1.7409242391586304
1998-06-27,2.032668352127075
1998-06-28,2.449111461639404
1998-06-29,2.9364895820617676
1998-06-30,3.0345070362091064
1998-07-01,2.680474281311035
1998-07-02,2.542234420776367
1998-07-03,2.139953374862671
1998-07-04,1.9951071739196775
1998-07-05,2.0519397258758545
1998-07-06,2.534291982650757
1998-07-07,2.593643426895142
1998-07-08,2.5275256633758545
1998-07-09,2.772352933883667
1998-07-10,2.64751386642456
1998-07-11,2.110738039016724
1998-07-12,2.0337722301483154
1998-07-13,2.201788902282715
1998-07-14,2.3550469875335693
1998-07-15,2.391223669052124
1998-07-16,3.0824992656707764
1998-07-17,3.086221218109131
1998-07-18,2.816044569015503
1998-07-19,2.290656328201293
1998-07-20,2.418247699737549
1998-07-21,2.979281187057495
1998-07-22,3.2956187725067134
1998-07-23,2.9123692512512203
1998-07-24,2.4450221061706543
1998-07-25,2.740568161010742
1998-07-26,3.76976490020752
1998-07-27,4.016514301300049
1998-07-28,3.9503767490386954
1998-07-29,3.4972219467163086
1998-07-30,2.548093318939209
1998-07-31,1.9744216203689573
1998-08-01,2.055405139923096
1998-08-02,2.44635796546936
1998-08-03,3.05189847946167
1998-08-04,3.030908346176148
1998-08-05,2.5072181224823
1998-08-06,2.09216833114624
1998-08-07,1.9035208225250244
1998-08-08,2.0792577266693115
1998-08-09,2.250135660171509
1998-08-10,2.219305515289306
1998-08-11,2.3728067874908447
1998-08-12,2.491080045700073
1998-08-13,2.700151920318603
1998-08-14,2.559127807617187
1998-08-15,1.799088716506958
1998-08-16,1.4698919057846067
1998-08-17,1.3706958293914795
1998-08-18,1.4298758506774902
1998-08-19,1.7663148641586304
1998-08-20,2.1174819469451904
1998-08-21,1.762599587440491
1998-08-22,1.8255898952484129
1998-08-23,1.5735260248184204
1998-08-24,1.668408393859863
1998-08-25,1.7221556901931765
1998-08-26,1.706250786781311
1998-08-27,1.8683952093124387
1998-08-28,2.4067666530609126
1998-08-29,2.1323351860046382
1998-08-30,2.1102662086486816
1998-08-31,2.543649911880493
1998-09-01,2.5300340652465825
1998-09-02,2.2022149562835693
1998-09-03,2.155740976333618
1998-09-04,1.9913045167922971
1998-09-05,1.9408907890319824
1998-09-06,2.0239229202270512
1998-09-07,1.851180911064148
1998-09-08,1.3866058588027952
1998-09-09,1.20859158039093
1998-09-10,1.318831443786621
1998-09-11,1.5215226411819458
1998-09-12,1.6047379970550535
1998-09-13,1.5551599264144895
1998-09-14,1.6629635095596313
1998-09-15,1.857495069503784
1998-09-16,1.7086437940597532
1998-09-17,1.4280960559844968
1998-09-18,1.24765408039093
1998-09-19,1.0897718667984009
1998-09-20,1.1629585027694702
1998-09-21,1.3445991277694702
1998-09-22,1.4967217445373537
1998-09-23,1.494857668876648
1998-09-24,1.263831377029419
1998-09-25,1.0083011388778687
1998-09-26,1.1470352411270142
1998-09-27,1.4096165895462036
1998-09-28,1.3886867761611938
1998-09-29,1.3073551654815672
1998-09-30,1.4600657224655151
1998-10-01,1.1809545755386353
1998-10-02,0.8684805631637573
1998-10-03,0.8576723337173463
1998-10-04,0.8956938385963441
1998-10-05,1.0939022302627563
1998-10-06,1.2979135513305664
1998-10-07,1.4066834449768066
1998-10-08,1.0393667221069338
1998-10-09,0.8761734366416932
1998-10-10,0.8551098704338074
1998-10-11,0.91609126329422
1998-10-12,1.053676962852478
1998-10-13,0.9890900254249572
1998-10-14,0.8762536644935608
1998-10-15,0.8096896409988403
1998-10-16,0.8508864045143127
1998-10-17,0.8692384958267213
1998-10-18,0.8619418144226074
1998-10-19,0.9462468624114992
1998-10-20,1.165805697441101
1998-10-21,1.321694731712341
1998-10-22,1.3926230669021606
1998-10-23,1.3379905223846436
1998-10-24,1.0590744018554688
1998-10-25,1.0030443668365479
1998-10-26,1.1753007173538206
1998-10-27,1.011505126953125
1998-10-28,0.7820348143577573
1998-10-29,0.7385803461074829
1998-10-30,0.7545084953308105
1998-10-31,0.7901305556297303
1998-11-01,0.8341937065124511
1998-11-02,0.8494456410408019
1998-11-03,0.8272649645805361
1998-11-04,0.8219681978225709
1998-11-05,0.7418043613433837
1998-11-06,0.6848827004432678
1998-11-07,0.6855084300041199
1998-11-08,0.6360613107681274
1998-11-09,0.6514955163002015
1998-11-10,0.664947748184204
1998-11-11,0.6987677812576293
1998-11-12,0.7705072164535521
1998-11-13,0.92054682970047
1998-11-14,0.9216471314430236
1998-11-15,0.8635336756706237
1998-11-16,0.7796000838279725
1998-11-17,0.7194540500640869
1998-11-18,0.6560014486312865
1998-11-19,0.648835837841034
1998-11-20,0.7495919466018675
1998-11-21,0.7242978811264038
1998-11-22,0.6195804476737976
1998-11-23,0.6448871493339537
1998-11-24,0.7041376233100891
1998-11-25,0.7239915132522583
1998-11-26,0.693401575088501
1998-11-27,0.6439459919929504
1998-11-28,0.5893950462341309
1998-11-29,0.5567575693130493
1998-11-30,0.5594469308853149
1998-12-01,0.6067010760307313
1998-12-02,0.5960069298744202
1998-12-03,0.5472411513328552
1998-12-04,0.4908713102340698
1998-12-05,0.4652066826820374
1998-12-06,0.5030667185783386
1998-12-07,0.5241862535476685
1998-12-08,0.5251554250717164
1998-12-09,0.5186485648155214
1998-12-10,0.583880603313446
1998-12-11,0.6280488967895508
1998-12-12,0.7116114497184755
1998-12-13,0.6854108572006226
1998-12-14,0.5397255420684814
1998-12-15,0.5738615393638611
1998-12-16,0.7276211380958556
1998-12-17,0.595116138458252
1998-12-18,0.4052150547504425
1998-12-19,0.27839988470077515
1998-12-20,0.20073841512203214
1998-12-21,0.20654793083667758
1998-12-22,0.2348479926586151
1998-12-23,0.24418120086193085
1998-12-24,0.3707786500453949
1998-12-25,0.5866935849189759
1998-12-26,0.5899335741996764
1998-12-27,0.6314231753349304
1998-12-28,0.7224053740501404
1998-12-29,0.7655336260795594
1998-12-30,0.7229958176612854
1998-12-31,0.6619791388511657
1999-01-01,0.5441723465919495
1999-01-02,0.5067440867424012
1999-01-03,0.5463271141052246
1999-01-04,0.6630017161369324
1999-01-05,0.6832900047302246
1999-01-06,0.6156051158905029
1999-01-07,0.5968682765960692
1999-01-08,0.5960728526115417
1999-01-09,0.6081526875495912
1999-01-10,0.7577508687973022
1999-01-11,0.7202705144882202
1999-01-12,0.6437726020812988
1999-01-13,0.6368736624717711
1999-01-14,0.7532283663749696
1999-01-15,0.6396493315696716
1999-01-16,0.6001320481300353
1999-01-17,0.5933189988136292
1999-01-18,0.6315289735794067
1999-01-19,0.6592863202095032
1999-01-20,0.6618013381958008
1999-01-21,0.6382541656494141
1999-01-22,0.5964178442955017
1999-01-23,0.5834305882453918
1999-01-24,0.5206291079521179
1999-01-25,0.4937865138053894
1999-01-26,0.4944844245910644
1999-01-27,0.5571528673171997
1999-01-28,0.6527861952781677
1999-01-29,0.7228185534477235
1999-01-30,0.6839778423309326
1999-01-31,0.5662173628807068
1999-02-01,0.5846405625343323
1999-02-02,0.6927682757377625
1999-02-03,0.6386300921440125
1999-02-04,0.633884847164154
1999-02-05,0.5960723161697388
1999-02-06,0.6865770816802979
1999-02-07,0.6527757048606871
1999-02-08,0.5373449325561523
1999-02-09,0.4881705641746521
1999-02-10,0.48806431889534
1999-02-11,0.5435941815376282
1999-02-12,0.6356686353683471
1999-02-13,0.6807810664176941
1999-02-14,0.6082214713096618
1999-02-15,0.5848947167396545
1999-02-16,0.7228348851203918
1999-02-17,0.6778860688209533
1999-02-18,0.6675840020179749
1999-02-19,0.703139841556549
1999-02-20,0.6911307573318481
1999-02-21,0.7691603899002075
1999-02-22,0.7790271043777466
1999-02-23,0.8021998405456544
1999-02-24,0.8648146390914917
1999-02-25,0.795422911643982
1999-02-26,0.736382484436035
1999-02-27,0.7473995685577393
1999-02-28,0.818656086921692
1999-03-01,0.7174940705299379
1999-03-02,0.6497414112091064
1999-03-03,0.7075936794281006
1999-03-04,0.7031061053276063
1999-03-05,0.6941430568695068
1999-03-06,0.6787070631980896
1999-03-07,0.7480476498603821
1999-03-08,0.7641079425811766
1999-03-09,0.8030152320861816
1999-03-10,0.811117112636566
1999-03-11,0.8272438645362854
1999-03-12,0.8463899493217469
1999-03-13,0.9419347643852234
1999-03-14,0.893895924091339
1999-03-15,0.8158036470413208
1999-03-16,0.7985155582427979
1999-03-17,0.8558302521705627
1999-03-18,1.0272018909454343
1999-03-19,1.2596294879913328
1999-03-20,1.3798919916152954
1999-03-21,1.0647675991058347
1999-03-22,1.0885792970657346
1999-03-23,1.1739774942398071
1999-03-24,1.077548265457153
1999-03-25,0.9513639211654664
1999-03-26,0.7979898452758789
1999-03-27,0.7617449164390565
1999-03-28,0.8258097171783447
1999-03-29,0.8619270324707031
1999-03-30,0.8615611791610716
1999-03-31,0.8386465311050414
1999-04-01,0.942655086517334
1999-04-02,1.003215193748474
1999-04-03,0.8305267691612243
1999-04-04,0.8160762190818786
1999-04-05,0.9002754092216492
1999-04-06,0.9923300147056578
1999-04-07,1.0820337533950803
1999-04-08,0.9022452831268312
1999-04-09,0.8716853260993958
1999-04-10,0.9446204900741574
1999-04-11,1.3158302307128906
1999-04-12,1.125818371772766
1999-04-13,0.973742485046387
1999-04-14,1.1044635772705078
1999-04-15,1.4128140211105347
1999-04-16,1.74941885471344
1999-04-17,1.8951313495635984
1999-04-18,1.3670488595962524
1999-04-19,1.1257703304290771
1999-04-20,1.0350892543792725
1999-04-21,1.0543814897537231
1999-04-22,1.2980319261550903
1999-04-23,1.607725977897644
1999-04-24,1.913768649101257
1999-04-25,1.2849650382995603
1999-04-26,1.0448614358901975
1999-04-27,1.063884139060974
1999-04-28,1.1239161491394043
1999-04-29,1.3535276651382446
1999-04-30,1.5461008548736574
1999-05-01,1.1631190776824951
1999-05-02,1.1328289508819582
1999-05-03,1.0649166107177734
1999-05-04,1.06374192237854
1999-05-05,1.3294715881347656
1999-05-06,1.4373818635940552
1999-05-07,1.146355390548706
1999-05-08,1.1187379360198975
1999-05-09,1.1616950035095217
1999-05-10,1.2869213819503784
1999-05-11,1.4236706495285032
1999-05-12,1.2288625240325928
1999-05-13,1.2632827758789065
1999-05-14,1.269252419471741
1999-05-15,1.2358206510543823
1999-05-16,1.34668231010437
1999-05-17,1.419368028640747
1999-05-18,1.4189138412475586
1999-05-19,1.4995096921920774
1999-05-20,1.5054464340209959
1999-05-21,1.5894534587860107
1999-05-22,1.9333190917968752
1999-05-23,2.5468387603759766
1999-05-24,2.6460962295532227
1999-05-25,1.5739885568618777
1999-05-26,1.7370140552520752
1999-05-27,1.8855022192001345
1999-05-28,1.6881501674652097
1999-05-29,1.6651973724365237
1999-05-30,1.7561228275299072
1999-05-31,1.6168212890624998
1999-06-01,1.334475755691528
1999-06-02,1.3886005878448486
1999-06-03,1.717789649963379
1999-06-04,1.6214995384216309
1999-06-05,1.4659452438354494
1999-06-06,1.364840745925903
1999-06-07,1.4275397062301634
1999-06-08,1.461076259613037
1999-06-09,1.5997120141983032
1999-06-10,1.7897721529006956
1999-06-11,2.2051963806152344
1999-06-12,2.892323493957519
1999-06-13,2.9411275386810307
1999-06-14,3.322415113449097
1999-06-15,2.7192459106445312
1999-06-16,2.09147310256958
1999-06-17,2.2863242626190186
1999-06-18,1.878708839416504
1999-06-19,1.7348527908325195
1999-06-20,1.786916971206665
1999-06-21,1.785038590431213
1999-06-22,1.7137572765350337
1999-06-23,1.9814542531967163
1999-06-24,1.9860634803771968
1999-06-25,1.7191752195358274
1999-06-26,1.6197030544281006
1999-06-27,1.7033791542053223
1999-06-28,1.6481153964996336
1999-06-29,1.9189721345901487
1999-06-30,1.9485146999359129
1999-07-01,1.6520774364471436
1999-07-02,1.6036784648895261
1999-07-03,1.7107173204421997
1999-07-04,1.8065559864044187
1999-07-05,2.3308990001678462
1999-07-06,2.8683531284332275
1999-07-07,1.9118789434432983
1999-07-08,2.125365972518921
1999-07-09,3.0705957412719727
1999-07-10,3.0854251384735107
1999-07-11,2.8918840885162354
1999-07-12,2.7174160480499268
1999-07-13,2.381500482559204
1999-07-14,1.695123314857483
1999-07-15,2.0309376716613765
1999-07-16,2.2627956867218018
1999-07-17,1.7650287151336668
1999-07-18,2.206009149551392
1999-07-19,2.6686699390411377
1999-07-20,2.76840615272522
1999-07-21,2.4735257625579834
1999-07-22,2.43877625465393
1999-07-23,2.5089490413665767
1999-07-24,1.8407028913497925
1999-07-25,2.0375676155090328
1999-07-26,2.4406447410583496
1999-07-27,2.8277742862701416
1999-07-28,2.8968546390533447
1999-07-29,2.474888324737549
1999-07-30,2.256925106048584
1999-07-31,2.3296964168548584
1999-08-01,2.4100778102874756
1999-08-02,2.5622313022613525
1999-08-03,2.588379859924317
1999-08-04,2.580678224563598
1999-08-05,2.847676277160645
1999-08-06,2.393835783004761
1999-08-07,2.025542736053467
1999-08-08,2.152833938598633
1999-08-09,2.371990203857421
1999-08-10,2.4331297874450684
1999-08-11,1.9480626583099363
1999-08-12,1.7397966384887695
1999-08-13,1.8099966049194331
1999-08-14,1.6561355590820315
1999-08-15,1.6270349025726316
1999-08-16,2.122230529785156
1999-08-17,2.6368920803070064
1999-08-18,2.5725188255310054
1999-08-19,2.1903202533721924
1999-08-20,2.2690269947052
1999-08-21,1.9537850618362425
1999-08-22,2.2402760982513428
1999-08-23,2.7010941505432124
1999-08-24,2.459186553955078
1999-08-25,2.0528938770294194
1999-08-26,2.172447443008423
1999-08-27,2.6875522136688232
1999-08-28,2.363175392150879
1999-08-29,1.6136480569839475
1999-08-30,1.2089918851852417
1999-08-31,1.2364988327026367
1999-09-01,1.3793193101882935
1999-09-02,1.519853591918945
1999-09-03,1.69301962852478
1999-09-04,1.7066504955291748
1999-09-05,1.5425926446914673
1999-09-06,1.2702670097351074
1999-09-07,1.4449687004089355
1999-09-08,1.8392432928085327
1999-09-09,1.6533942222595213
1999-09-10,1.4542162418365479
1999-09-11,1.634118676185608
1999-09-12,1.910894751548767
1999-09-13,2.3043205738067623
1999-09-14,2.299006938934326
1999-09-15,1.805181622505188
1999-09-16,1.4036812782287595
1999-09-17,1.5993595123291013
1999-09-18,2.023997306823731
1999-09-19,2.1306135654449463
1999-09-20,2.1882827281951904
1999-09-21,2.1939289569854736
1999-09-22,2.0088295936584473
1999-09-23,1.3306374549865723
1999-09-24,1.038150191307068
1999-09-25,1.018875241279602
1999-09-26,0.9502027630805968
1999-09-27,0.9629487395286562
1999-09-28,1.0995534658432007
1999-09-29,1.235115647315979
1999-09-30,1.105544090270996
1999-10-01,1.1414624452590942
1999-10-02,1.133520483970642
1999-10-03,1.2164030075073242
1999-10-04,1.3234398365020754
1999-10-05,1.0498780012130735
1999-10-06,1.052176594734192
1999-10-07,1.1042335033416748
1999-10-08,1.1084641218185425
1999-10-09,0.9649091958999632
1999-10-10,0.9541466832160947
1999-10-11,1.0193803310394287
1999-10-12,1.0718209743499756
1999-10-13,1.1089379787445068
1999-10-14,0.8891992568969727
1999-10-15,0.8175954818725587
1999-10-16,0.9193869233131408
1999-10-17,1.099655032157898
1999-10-18,1.1712887287139893
1999-10-19,1.2755438089370728
1999-10-20,1.3483867645263672
1999-10-21,1.3869682550430298
1999-10-22,1.409378170967102
1999-10-23,1.2092264890670776
1999-10-24,0.9178929924964904
1999-10-25,0.9114357233047486
1999-10-26,0.764031410217285
1999-10-27,0.7242341041564941
1999-10-28,0.8480411171913147
1999-10-29,0.8573436737060547
1999-10-30,1.0142580270767214
1999-10-31,0.8005677461624146
1999-11-01,0.7077318429946899
1999-11-02,0.7931424379348755
1999-11-03,0.8033945560455322
1999-11-04,0.698953866958618
1999-11-05,0.6944058537483215
1999-11-06,0.8737651705741882
1999-11-07,0.9978756904602047
1999-11-08,0.9337263107299802
1999-11-09,0.8301171660423281
1999-11-10,0.8482202291488646
1999-11-11,0.9837746620178224
1999-11-12,1.0512444972991943
1999-11-13,1.078076958656311
1999-11-14,1.1665509939193726
1999-11-15,1.0802804231643677
1999-11-16,0.9151270389556884
1999-11-17,0.730579674243927
1999-11-18,0.6967800259590149
1999-11-19,0.731963872909546
1999-11-20,0.698524296283722
1999-11-21,0.6134341955184937
1999-11-22,0.6075144410133362
1999-11-23,0.6124476194381714
1999-11-24,0.708968460559845
1999-11-25,0.7454494237899779
1999-11-26,0.6310920119285583
1999-11-27,0.5637623071670532
1999-11-28,0.6714947223663329
1999-11-29,0.7917859554290771
1999-11-30,0.7228453159332275
1999-12-01,0.6624050140380859
1999-12-02,0.6261311769485473
1999-12-03,0.5506808757781984
1999-12-04,0.5593498945236205
1999-12-05,0.5916422009468079
1999-12-06,0.6223286390304564
1999-12-07,0.5344009995460511
1999-12-08,0.5251457691192626
1999-12-09,0.573795735836029
1999-12-10,0.5903515219688416
1999-12-11,0.6829501390457153
1999-12-12,0.6332248449325562
1999-12-13,0.5309083461761475
1999-12-14,0.5808618664741516
1999-12-15,0.7394939064979553
1999-12-16,0.7188511490821838
1999-12-17,0.6891285181045532
1999-12-18,0.6423494219779968
1999-12-19,0.5802538394927979
1999-12-20,0.601870894432068
1999-12-21,0.6186560988426208
1999-12-22,0.638622224330902
1999-12-23,0.5605921149253845
1999-12-24,0.5640584230422973
1999-12-25,0.5690520405769348
1999-12-26,0.6090638637542725
1999-12-27,0.5934971570968628
1999-12-28,0.5819995999336242
1999-12-29,0.4902893006801604
1999-12-30,0.4771483540534972
1999-12-31,0.537142038345337
2000-01-01,0.5264750719070435
2000-01-02,0.4726534187793732
2000-01-03,0.4734390676021576
2000-01-04,0.5773893594741821
2000-01-05,0.5117059350013733
2000-01-06,0.5072529911994934
2000-01-07,0.5894680619239807
2000-01-08,0.5819908380508424
2000-01-09,0.5336290597915649
2000-01-10,0.4684655964374542
2000-01-11,0.4430944323539734
2000-01-12,0.4412992298603058
2000-01-13,0.497468113899231
2000-01-14,0.5500020980834961
2000-01-15,0.4897210001945496
2000-01-16,0.5422222018241882
2000-01-17,0.5510261058807373
2000-01-18,0.5344048142433167
2000-01-19,0.4630335867404937
2000-01-20,0.5282597541809082
2000-01-21,0.5594420433044434
2000-01-22,0.586149036884308
2000-01-23,0.5073683261871338
2000-01-24,0.5552927255630493
2000-01-25,0.6057428121566772
2000-01-26,0.5786689519882202
2000-01-27,0.5784682631492616
2000-01-28,0.5529618263244628
2000-01-29,0.530003547668457
2000-01-30,0.5359095931053162
2000-01-31,0.6049945950508118
2000-02-01,0.6780281066894531
2000-02-02,0.7349336743354797
2000-02-03,0.7433974146842957
2000-02-04,0.7833938002586365
2000-02-05,0.709177553653717
2000-02-06,0.8010217547416686
2000-02-07,0.8324518799781798
2000-02-08,0.799622356891632
2000-02-09,0.6944479942321777
2000-02-10,0.6724564433097839
2000-02-11,0.6569846272468567
2000-02-12,0.6185777187347412
2000-02-13,0.5669211149215698
2000-02-14,0.6527625918388367
2000-02-15,0.6470382213592529
2000-02-16,0.6694456338882446
2000-02-17,0.6688951253890991
2000-02-18,0.6676191687583923
2000-02-19,0.6414831280708312
2000-02-20,0.768979787826538
2000-02-21,0.828851819038391
2000-02-22,0.7771426439285279
2000-02-23,0.7569451928138734
2000-02-24,0.698804497718811
2000-02-25,0.665644645690918
2000-02-26,0.758675456047058
2000-02-27,0.9068695306777954
2000-02-28,0.8144921064376831
2000-02-29,0.8642089366912842
2000-03-01,0.8200136423110963
2000-03-02,0.8686147928237915
2000-03-03,0.8809117078781128
2000-03-04,0.7499077916145325
2000-03-05,0.7164073586463928
2000-03-06,0.6796581745147704
2000-03-07,0.7224205732345581
2000-03-08,0.823745787143707
2000-03-09,0.8870877027511597
2000-03-10,0.8323472142219543
2000-03-11,0.827822506427765
2000-03-12,0.8096857070922852
2000-03-13,0.982000470161438
2000-03-14,0.8539737462997437
2000-03-15,0.8202263116836547
2000-03-16,0.8496530055999757
2000-03-17,0.8239188194274903
2000-03-18,0.8733917474746703
2000-03-19,0.8236590027809142
2000-03-20,0.8473574519157409
2000-03-21,1.0097264051437378
2000-03-22,0.9694642424583436
2000-03-23,0.8959838747978209
2000-03-24,0.9742338061332702
2000-03-25,0.9236563444137572
2000-03-26,1.099268913269043
2000-03-27,0.9948858618736268
2000-03-28,0.8749985098838807
2000-03-29,0.9152557253837584
2000-03-30,1.044657826423645
2000-03-31,1.2524373531341553
2000-04-01,1.3900827169418337
2000-04-02,1.526247501373291
2000-04-03,1.6560436487197876
2000-04-04,1.0682085752487183
2000-04-05,0.9335303306579587
2000-04-06,0.9097693562507628
2000-04-07,1.1130170822143555
2000-04-08,1.5413286685943604
2000-04-09,1.2767894268035889
2000-04-10,1.4272958040237425
2000-04-11,1.7379028797149658
2000-04-12,1.7065831422805786
2000-04-13,1.4839333295822144
2000-04-14,1.2451579570770264
2000-04-15,1.2370591163635254
2000-04-16,1.290984511375427
2000-04-17,1.5263170003890991
2000-04-18,1.4980541467666624
2000-04-19,1.4281502962112425
2000-04-20,1.5706925392150877
2000-04-21,1.6776878833770752
2000-04-22,1.1941667795181274
2000-04-23,1.1148525476455688
2000-04-24,1.1375445127487183
2000-04-25,1.1908856630325313
2000-04-26,1.3238329887390137
2000-04-27,1.5017812252044673
2000-04-28,1.17752468585968
2000-04-29,1.3378973007202148
2000-04-30,1.7458158731460571
2000-05-01,1.6584930419921875
2000-05-02,1.715216279029846
2000-05-03,1.3405507802963257
2000-05-04,1.3422173261642456
2000-05-05,1.2586807012557981
2000-05-06,1.3083451986312866
2000-05-07,1.4896590709686277
2000-05-08,1.4312922954559326
2000-05-09,1.278181552886963
2000-05-10,1.2101601362228391
2000-05-11,1.267617106437683
2000-05-12,1.4444262981414795
2000-05-13,1.7337290048599243
2000-05-14,2.120623111724853
2000-05-15,2.1171617507934566
2000-05-16,1.9446076154708865
2000-05-17,1.4532283544540403
2000-05-18,1.7448495626449585
2000-05-19,1.8837262392044067
2000-05-20,1.972346305847168
2000-05-21,2.0853574275970455
2000-05-22,1.938563585281372
2000-05-23,1.7962886095046995
2000-05-24,1.7212469577789307
2000-05-25,1.6486141681671143
2000-05-26,1.6964083909988403
2000-05-27,1.70645272731781
2000-05-28,1.6627416610717771
2000-05-29,1.605751872062683
2000-05-30,1.4035131931304932
2000-05-31,1.3984349966049192
2000-06-01,1.779205918312073
2000-06-02,1.995708465576172
2000-06-03,2.321182250976563
2000-06-04,2.967561960220337
2000-06-05,2.151355743408203
2000-06-06,1.930693745613098
2000-06-07,1.9178808927536004
2000-06-08,1.6277383565902708
2000-06-09,1.6106963157653809
2000-06-10,1.4919714927673342
2000-06-11,1.5267930030822754
2000-06-12,1.7748984098434448
2000-06-13,1.871632933616638
2000-06-14,1.9791698455810545
2000-06-15,1.8620167970657349
2000-06-16,2.1944940090179443
2000-06-17,2.6893730163574214
2000-06-18,2.0006701946258545
2000-06-19,1.787805676460266
2000-06-20,2.2453300952911377
2000-06-21,2.274152517318725
2000-06-22,2.051148653030395
2000-06-23,2.04680848121643
2000-06-24,2.0264921188354488
2000-06-25,2.5263028144836426
2000-06-26,3.1055204868316646
2000-06-27,3.5549600124359126
2000-06-28,3.4378247261047368
2000-06-29,2.826850414276123
2000-06-30,2.1261181831359868
2000-07-01,1.7285635471343994
2000-07-02,1.6764265298843386
2000-07-03,1.5161794424057007
2000-07-04,1.724697470664978
2000-07-05,1.9891773462295528
2000-07-06,2.044073343276977
2000-07-07,2.33140230178833
2000-07-08,2.3074891567230225
2000-07-09,1.9170551300048828
2000-07-10,2.143795251846313
2000-07-11,2.1813204288482666
2000-07-12,2.2966399192810054
2000-07-13,2.200969219207764
2000-07-14,1.8485275506973264
2000-07-15,2.0174756050109863
2000-07-16,2.749396085739136
2000-07-17,2.784775972366333
2000-07-18,2.2988667488098145
2000-07-19,2.306274890899658
2000-07-20,2.530142545700073
2000-07-21,2.95578932762146
2000-07-22,2.139586925506592
2000-07-23,2.0116326808929443
2000-07-24,2.322936773300171
2000-07-25,2.171598672866821
2000-07-26,2.1244895458221436
2000-07-27,2.338329076766968
2000-07-28,2.356901407241821
2000-07-29,2.6474084854125977
2000-07-30,2.9118528366088867
2000-07-31,2.8014869689941406
2000-08-01,2.3861703872680664
2000-08-02,2.251564979553222
2000-08-03,2.25493836402893
2000-08-04,2.4221200942993164
2000-08-05,2.59571361541748
2000-08-06,2.3906586170196533
2000-08-07,2.248767375946045
2000-08-08,2.3432242870330806
2000-08-09,2.33171820640564
2000-08-10,1.8999516963958736
2000-08-11,1.6145339012145996
2000-08-12,1.6389237642288208
2000-08-13,1.6085476875305178
2000-08-14,1.6426849365234375
2000-08-15,1.5944727659225466
2000-08-16,1.715286135673523
2000-08-17,1.7534189224243164
2000-08-18,1.461514234542847
2000-08-19,1.4936296939849854
2000-08-20,1.5979855060577393
2000-08-21,1.7703486680984497
2000-08-22,2.21830677986145
2000-08-23,2.4601824283599854
2000-08-24,2.1511008739471436
2000-08-25,1.72928524017334
2000-08-26,1.4903960227966309
2000-08-27,1.3500274419784546
2000-08-28,1.5493499040603635
2000-08-29,1.6410813331604004
2000-08-30,1.6299766302108765
2000-08-31,1.3058516979217527
2000-09-01,1.3266016244888303
2000-09-02,1.277959227561951
2000-09-03,1.2543531656265257
2000-09-04,1.3215281963348389
2000-09-05,1.2536779642105105
2000-09-06,1.3248987197875977
2000-09-07,1.421655297279358
2000-09-08,1.1908718347549438
2000-09-09,1.2026132345199585
2000-09-10,1.3908237218856812
2000-09-11,1.5955790281295774
2000-09-12,1.80815589427948
2000-09-13,2.1229567527771005
2000-09-14,2.524234533309936
2000-09-15,2.0092587471008305
2000-09-16,1.7595301866531374
2000-09-17,1.9247159957885744
2000-09-18,1.7414925098419187
2000-09-19,1.7579358816146853
2000-09-20,1.517201781272888
2000-09-21,1.2642133235931394
2000-09-22,1.1200788021087646
2000-09-23,1.262902855873108
2000-09-24,1.4890969991683962
2000-09-25,1.6255840063095093
2000-09-26,1.7811114788055422
2000-09-27,1.857550263404846
2000-09-28,1.4824544191360474
2000-09-29,1.37857723236084
2000-09-30,1.4977010488510132
2000-10-01,1.2236130237579343
2000-10-02,1.0614241361618042
2000-10-03,1.0659677982330322
2000-10-04,1.1122946739196775
2000-10-05,1.1989626884460447
2000-10-06,1.3062161207199097
2000-10-07,1.5226283073425293
2000-10-08,1.5352045297622683
2000-10-09,1.239053964614868
2000-10-10,1.0648765563964844
2000-10-11,1.152823209762573
2000-10-12,1.0453680753707884
2000-10-13,1.0749924182891841
2000-10-14,0.9222217202186584
2000-10-15,0.867457926273346
2000-10-16,0.9918033480644226
2000-10-17,1.2511745691299438
2000-10-18,1.0700148344039917
2000-10-19,1.0161648988723753
2000-10-20,1.0269898176193235
2000-10-21,0.879389226436615
2000-10-22,0.8807168006896973
2000-10-23,1.0295987129211424
2000-10-24,1.102757811546326
2000-10-25,1.1039832830429075
2000-10-26,1.0024561882019043
2000-10-27,0.9580987095832824
2000-10-28,0.904369592666626
2000-10-29,0.8930538892745971
2000-10-30,0.8409286141395569
2000-10-31,0.7365595698356627
2000-11-01,0.7594651579856871
2000-11-02,0.8143498301506042
2000-11-03,0.9344624280929564
2000-11-04,0.8561348319053651
2000-11-05,0.7360650300979615
2000-11-06,0.7623770833015443
2000-11-07,0.698265016078949
2000-11-08,0.6571203470230103
2000-11-09,0.6029518246650696
2000-11-10,0.5025951862335205
2000-11-11,0.4777919352054596
2000-11-12,0.5282607674598694
2000-11-13,0.4978117942810059
2000-11-14,0.5209020972251892
2000-11-15,0.5335509181022644
2000-11-16,0.4829702973365784
2000-11-17,0.4848703444004058
2000-11-18,0.5390098094940186
2000-11-19,0.5559891462326049
2000-11-20,0.5956018567085266
2000-11-21,0.6377003192901612
2000-11-22,0.609174370765686
2000-11-23,0.5638741850852966
2000-11-24,0.5925451517105103
2000-11-25,0.6022552251815796
2000-11-26,0.6241424679756165
2000-11-27,0.5772271752357482
2000-11-28,0.5134823918342591
2000-11-29,0.5712934136390687
2000-11-30,0.644317626953125
2000-12-01,0.6406622529029847
2000-12-02,0.6205928921699524
2000-12-03,0.5624441504478455
2000-12-04,0.6093656420707703
2000-12-05,0.6410320997238159
2000-12-06,0.6384716629981994
2000-12-07,0.5859525799751282
2000-12-08,0.496208518743515
2000-12-09,0.4819180965423584
2000-12-10,0.3916597366333008
2000-12-11,0.32299524545669556
2000-12-12,0.32888832688331604
2000-12-13,0.3257587254047393
2000-12-14,0.3964526951313018
2000-12-15,0.4013936817646026
2000-12-16,0.4782502949237823
2000-12-17,0.5185050368309021
2000-12-18,0.4922886192798616
2000-12-19,0.505592942237854
2000-12-20,0.43806055188179016
2000-12-21,0.4687628746032714
2000-12-22,0.4923050701618195
2000-12-23,0.5281363725662231
2000-12-24,0.5728287696838378
2000-12-25,0.5932467579841614
2000-12-26,0.6585617661476136
2000-12-27,0.6219144463539124
2000-12-28,0.6062394976615905
2000-12-29,0.6119620800018312
2000-12-30,0.6536325216293335
2000-12-31,0.637453317642212
2001-01-01,0.5963196158409119
2001-01-02,0.6386966109275817
2001-01-03,0.6739702224731444
2001-01-04,0.7307888269424438
2001-01-05,0.7314378023147583
2001-01-06,0.5990576148033142
2001-01-07,0.6099176406860352
2001-01-08,0.6334910988807679
2001-01-09,0.54583740234375
2001-01-10,0.6037769317626953
2001-01-11,0.6122357845306396
2001-01-12,0.607883632183075
2001-01-13,0.5570015311241149
2001-01-14,0.5281156301498413
2001-01-15,0.4718318283557892
2001-01-16,0.4342585504055024
2001-01-17,0.4565413594245911
2001-01-18,0.5077294111251831
2001-01-19,0.5518828630447389
2001-01-20,0.536785066127777
2001-01-21,0.5939173102378844
2001-01-22,0.5970654487609864
2001-01-23,0.6310791373252869
2001-01-24,0.6647316813468933
2001-01-25,0.5587161779403687
2001-01-26,0.5793063640594482
2001-01-27,0.5751181244850159
2001-01-28,0.4771981239318847
2001-01-29,0.5038207769393921
2001-01-30,0.6017904877662659
2001-01-31,0.6870979070663452
2001-02-01,0.733535349369049
2001-02-02,0.6888794898986816
2001-02-03,0.6786093711853028
2001-02-04,0.7283265590667725
2001-02-05,0.6436721682548522
2001-02-06,0.5260539054870605
2001-02-07,0.43470248579978943
2001-02-08,0.4648432135581971
2001-02-09,0.5032566785812378
2001-02-10,0.5042505264282227
2001-02-11,0.58703476190567
2001-02-12,0.5911272168159485
2001-02-13,0.627128541469574
2001-02-14,0.679697573184967
2001-02-15,0.5817497968673705
2001-02-16,0.5007216334342957
2001-02-17,0.5891219973564148
2001-02-18,0.7021054029464722
2001-02-19,0.7092734575271606
2001-02-20,0.7958995103836058
2001-02-21,0.7900499105453491
2001-02-22,0.8390596508979796
2001-02-23,0.7311744689941407
2001-02-24,0.7320826649665833
2001-02-25,0.6908586025238036
2001-02-26,0.7093842625617981
2001-02-27,0.7617049813270569
2001-02-28,0.833920180797577
2001-03-01,0.7726291418075562
2001-03-02,0.7173653841018676
2001-03-03,0.6366291642189025
2001-03-04,0.7021306157112122
2001-03-05,1.047733902931213
2001-03-06,1.1914275884628298
2001-03-07,1.2761539220809937
2001-03-08,0.96380352973938
2001-03-09,0.8114601373672485
2001-03-10,0.7485567927360535
2001-03-11,0.800793468952179
2001-03-12,0.8772841691970826
2001-03-13,0.8819844126701356
2001-03-14,0.8593074679374694
2001-03-15,0.81192684173584
2001-03-16,0.7935627698898317
2001-03-17,0.932786703109741
2001-03-18,1.0368508100509644
2001-03-19,0.8938052654266356
2001-03-20,0.9503812789916992
2001-03-21,0.9998483657836916
2001-03-22,1.1286038160324097
2001-03-23,1.298089265823364
2001-03-24,1.3430279493331907
2001-03-25,1.1010626554489136
2001-03-26,0.883750319480896
2001-03-27,0.8286402225494385
2001-03-28,0.9171814918518066
2001-03-29,0.8788458704948426
2001-03-30,1.071307063102722
2001-03-31,1.01368248462677
2001-04-01,0.9399654269218444
2001-04-02,0.8660164475440979
2001-04-03,0.8638402819633485
2001-04-04,0.992729365825653
2001-04-05,1.0231943130493164
2001-04-06,0.9472997784614564
2001-04-07,0.9048194289207458
2001-04-08,0.9014520049095152
2001-04-09,0.9658032655715942
2001-04-10,0.9531534910202024
2001-04-11,0.98696768283844
2001-04-12,0.9606640338897702
2001-04-13,0.9265467524528505
2001-04-14,1.0022664070129395
2001-04-15,1.2079749107360842
2001-04-16,1.5497814416885376
2001-04-17,1.3934346437454224
2001-04-18,1.2658371925354004
2001-04-19,1.2328120470046997
2001-04-20,1.2337962388992307
2001-04-21,1.310421586036682
2001-04-22,1.1450729370117185
2001-04-23,1.2159017324447632
2001-04-24,1.7183328866958618
2001-04-25,2.109893321990967
2001-04-26,1.9210745096206665
2001-04-27,1.6038520336151123
2001-04-28,1.2452665567398071
2001-04-29,1.1125658750534055
2001-04-30,1.12683367729187
2001-05-01,1.1212570667266843
2001-05-02,1.2812845706939695
2001-05-03,1.4371074438095093
2001-05-04,1.5143005847930908
2001-05-05,1.2075302600860596
2001-05-06,1.373566746711731
2001-05-07,1.8333371877670288
2001-05-08,1.5691859722137451
2001-05-09,1.393656373023987
2001-05-10,1.5001250505447388
2001-05-11,2.019252300262451
2001-05-12,2.122742891311645
2001-05-13,1.7523225545883176
2001-05-14,1.4191793203353882
2001-05-15,1.5014734268188479
2001-05-16,1.3951926231384273
2001-05-17,1.3584684133529663
2001-05-18,1.4703133106231685
2001-05-19,1.4148635864257812
2001-05-20,1.4899941682815552
2001-05-21,2.110317945480346
2001-05-22,3.0647246837615967
2001-05-23,3.0982315540313725
2001-05-24,2.4747135639190674
2001-05-25,2.301433086395264
2001-05-26,2.511586427688598
2001-05-27,1.9602755308151243
2001-05-28,1.4565545320510864
2001-05-29,1.4348081350326538
2001-05-30,1.6284939050674438
2001-05-31,2.642813920974731
2001-06-01,1.952243447303772
2001-06-02,1.3656433820724487
2001-06-03,1.3582379817962649
2001-06-04,1.4600255489349363
2001-06-05,1.5265634059906001
2001-06-06,1.8031208515167236
2001-06-07,2.1787054538726807
2001-06-08,2.3652689456939697
2001-06-09,1.732150912284851
2001-06-10,1.5779564380645754
2001-06-11,1.4219784736633299
2001-06-12,1.3906949758529663
2001-06-13,1.7760910987854004
2001-06-14,1.8126683235168457
2001-06-15,1.856899857521057
2001-06-16,1.7540793418884275
2001-06-17,1.7600411176681519
2001-06-18,1.9744410514831543
2001-06-19,2.4479813575744624
2001-06-20,2.9562897682189937
2001-06-21,2.804264783859253
2001-06-22,2.2829976081848145
2001-06-23,1.9264323711395264
2001-06-24,1.682778716087341
2001-06-25,1.827431321144104
2001-06-26,2.1765918731689453
2001-06-27,2.2857797145843506
2001-06-28,1.9036449193954468
2001-06-29,2.1148834228515625
2001-06-30,2.3211348056793213
2001-07-01,2.2635717391967773
2001-07-02,2.468577146530152
2001-07-03,3.049689531326294
2001-07-04,2.9442410469055176
2001-07-05,2.201239585876465
2001-07-06,2.085371971130371
2001-07-07,2.3274781703948975
2001-07-08,2.5742290019989014
2001-07-09,2.909667491912842
2001-07-10,2.9941797256469727
2001-07-11,2.75921082496643
2001-07-12,2.642167329788208
2001-07-13,2.318271398544312
2001-07-14,2.034904956817627
2001-07-15,1.696840524673462
2001-07-16,1.6503355503082275
2001-07-17,1.7440466880798338
2001-07-18,1.8459910154342651
2001-07-19,2.144858837127685
2001-07-20,2.168608903884888
2001-07-21,2.122775793075561
2001-07-22,2.127340316772461
2001-07-23,2.4254179000854488
2001-07-24,2.3218133449554443
2001-07-25,2.2980368137359615
2001-07-26,2.3151924610137935
2001-07-27,2.145256757736206
2001-07-28,1.75452983379364
2001-07-29,1.7528127431869507
2001-07-30,1.8871111869812007
2001-07-31,1.8891936540603644
2001-08-01,1.9286513328552248
2001-08-02,2.2904841899871826
2001-08-03,2.177712440490722
2001-08-04,1.9701347351074217
2001-08-05,2.109031915664673
2001-08-06,2.380707025527954
2001-08-07,2.291873455047608
2001-08-08,2.3960998058319087
2001-08-09,3.044178247451782
2001-08-10,2.998907327651977
2001-08-11,2.7656054496765137
2001-08-12,2.979961633682251
2001-08-13,2.800445318222045
2001-08-14,2.5820329189300537
2001-08-15,2.707424640655517
2001-08-16,2.115311622619629
2001-08-17,1.8520270586013796
2001-08-18,1.6827248334884644
2001-08-19,1.7163972854614256
2001-08-20,1.678658962249756
2001-08-21,1.644377589225769
2001-08-22,1.7206081151962278
2001-08-23,1.5541247129440308
2001-08-24,1.7793002128601076
2001-08-25,2.0836684703826904
2001-08-26,2.37072229385376
2001-08-27,2.1658589839935303
2001-08-28,2.067755937576294
2001-08-29,2.259459495544433
2001-08-30,2.3048620223999023
2001-08-31,1.9156885147094729
2001-09-01,1.571641445159912
2001-09-02,1.7210471630096436
2001-09-03,1.6832133531570435
2001-09-04,1.6798557043075557
2001-09-05,1.2762874364852903
2001-09-06,1.354092359542847
2001-09-07,1.5506532192230225
2001-09-08,1.7748597860336304
2001-09-09,1.8960813283920288
2001-09-10,1.8148343563079836
2001-09-11,2.005789279937744
2001-09-12,2.018288612365722
2001-09-13,2.0860371589660645
2001-09-14,2.1755807399749756
2001-09-15,2.080360412597656
2001-09-16,1.771059274673462
2001-09-17,1.3448241949081423
2001-09-18,1.3017796277999878
2001-09-19,1.2866311073303223
2001-09-20,1.4403209686279297
2001-09-21,1.3671571016311643
2001-09-22,1.8029512166976929
2001-09-23,2.1585707664489746
2001-09-24,1.9534351825714111
2001-09-25,1.5478498935699463
2001-09-26,1.1771957874298096
2001-09-27,1.0836830139160156
2001-09-28,1.1796760559082031
2001-09-29,1.4435759782791138
2001-09-30,1.7106876373291013
2001-10-01,1.5544533729553225
2001-10-02,1.347262620925903
2001-10-03,1.3385579586029055
2001-10-04,1.349707365036011
2001-10-05,1.308466553688049
2001-10-06,1.0657075643539429
2001-10-07,0.9496590495109558
2001-10-08,0.8914461135864259
2001-10-09,0.9061921238899232
2001-10-10,0.907589077949524
2001-10-11,0.8769100904464722
2001-10-12,0.994485020637512
2001-10-13,1.0268429517745972
2001-10-14,1.1659278869628904
2001-10-15,1.1890963315963745
2001-10-16,1.117624282836914
2001-10-17,0.8793731331825256
2001-10-18,0.8669019341468812
2001-10-19,1.003908634185791
2001-10-20,0.9224236607551574
2001-10-21,0.9016039967536926
2001-10-22,0.94389671087265
2001-10-23,0.8361338973045349
2001-10-24,0.783360719680786
2001-10-25,0.8805460929870605
2001-10-26,1.0163955688476562
2001-10-27,0.7862699627876282
2001-10-28,0.657729983329773
2001-10-29,0.7626266479492188
2001-10-30,0.8802910447120667
2001-10-31,0.8363946676254272
2001-11-01,0.8746432662010191
2001-11-02,0.9379574060440063
2001-11-03,0.9851893186569214
2001-11-04,0.9599841237068176
2001-11-05,0.7265132665634156
2001-11-06,0.6765214204788209
2001-11-07,0.6798765659332275
2001-11-08,0.7989037632942197
2001-11-09,0.9287190437316895
2001-11-10,0.9360358715057374
2001-11-11,0.9735841751098634
2001-11-12,0.9319474697113036
2001-11-13,0.9387826919555664
2001-11-14,1.031432867050171
2001-11-15,0.9902862310409546
2001-11-16,0.8141638040542603
2001-11-17,0.6944788694381714
2001-11-18,0.7069861888885498
2001-11-19,0.7843459844589235
2001-11-20,0.7978363037109375
2001-11-21,0.7507428526878356
2001-11-22,0.7011055946350098
2001-11-23,0.623282790184021
2001-11-24,0.5931441783905029
2001-11-25,0.5742853879928588
2001-11-26,0.5664353966712953
2001-11-27,0.5598533153533936
2001-11-28,0.4895489811897277
2001-11-29,0.5354554057121277
2001-11-30,0.5476008653640747
2001-12-01,0.6237218379974364
2001-12-02,0.5786594152450562
2001-12-03,0.505760371685028
2001-12-04,0.501341223716736
2001-12-05,0.4991689026355744
2001-12-06,0.5494846701622009
2001-12-07,0.6059749722480773
2001-12-08,0.6363821029663086
2001-12-09,0.5283602476119994
2001-12-10,0.4899287521839142
2001-12-11,0.5031267404556274
2001-12-12,0.5486708879470826
2001-12-13,0.6512411832809448
2001-12-14,0.5314230918884276
2001-12-15,0.5227255821228027
2001-12-16,0.6534517407417297
2001-12-17,0.5068132877349854
2001-12-18,0.4625727832317352
2001-12-19,0.5043798089027405
2001-12-20,0.5197675824165344
2001-12-21,0.5314255356788635
2001-12-22,0.5027058124542237
2001-12-23,0.5464082956314088
2001-12-24,0.5391295552253723
2001-12-25,0.4988797605037689
2001-12-26,0.4744348526000977
2001-12-27,0.5034385323524475
2001-12-28,0.5585170388221741
2001-12-29,0.5439769625663756
2001-12-30,0.5828513503074646
2001-12-31,0.5835279822349548
2002-01-01,0.571535050868988
2002-01-02,0.6094755530357361
2002-01-03,0.5889450907707214
2002-01-04,0.6067834496498108
2002-01-05,0.6160762310028076
2002-01-06,0.6960844993591309
2002-01-07,0.8297470808029174
2002-01-08,0.7771157622337341
2002-01-09,0.7077919840812684
2002-01-10,0.6878037452697754
2002-01-11,0.7231054306030273
2002-01-12,0.6691202521324157
2002-01-13,0.5593909025192262
2002-01-14,0.4905158877372742
2002-01-15,0.4565874338150024
2002-01-16,0.4584451615810394
2002-01-17,0.4612348675727843
2002-01-18,0.4724100828170776
2002-01-19,0.5488129854202272
2002-01-20,0.5863831043243407
2002-01-21,0.5178158879280089
2002-01-22,0.4808529317378998
2002-01-23,0.5451651215553284
2002-01-24,0.6589150428771973
2002-01-25,0.590674638748169
2002-01-26,0.4691775739192963
2002-01-27,0.4521009922027588
2002-01-28,0.4285179078578949
2002-01-29,0.4107362926006317
2002-01-30,0.5100994110107421
2002-01-31,0.5817264914512634
2002-02-01,0.5818908214569092
2002-02-02,0.5873520374298097
2002-02-03,0.6025353670120239
2002-02-04,0.6048401594161987
2002-02-05,0.6405446529388428
2002-02-06,0.6635167002677916
2002-02-07,0.653336763381958
2002-02-08,0.629042387008667
2002-02-09,0.6400487422943116
2002-02-10,0.7147600054740905
2002-02-11,0.5882819294929504
2002-02-12,0.5965999364852905
2002-02-13,0.5970030426979064
2002-02-14,0.7043159008026124
2002-02-15,0.7432701587677004
2002-02-16,0.8067565560340882
2002-02-17,0.732609987258911
2002-02-18,0.7969490885734559
2002-02-19,0.7639027833938598
2002-02-20,0.7639758586883546
2002-02-21,0.9258824586868288
2002-02-22,1.0250574350357056
2002-02-23,0.8317907452583314
2002-02-24,0.5742449164390564
2002-02-25,0.5551899671554565
2002-02-26,0.6618756651878356
2002-02-27,0.6606015563011169
2002-02-28,0.6436129212379456
2002-03-01,0.6356097459793091
2002-03-02,0.7369537353515625
2002-03-03,0.9096981883049012
2002-03-04,0.935859441757202
2002-03-05,0.7599915266036987
2002-03-06,0.575522005558014
2002-03-07,0.5195195078849792
2002-03-08,0.5096278786659241
2002-03-09,0.6206250786781311
2002-03-10,0.7376152873039244
2002-03-11,0.8881262540817261
2002-03-12,0.8293237686157225
2002-03-13,0.7998100519180298
2002-03-14,0.7382134199142456
2002-03-15,0.7414308786392212
2002-03-16,0.6844732165336609
2002-03-17,0.6169819831848145
2002-03-18,0.6172881126403809
2002-03-19,0.7525401711463928
2002-03-20,0.7475879788398743
2002-03-21,0.6859580278396606
2002-03-22,0.8991396427154541
2002-03-23,1.0480910539627073
2002-03-24,1.0142053365707393
2002-03-25,1.0705378055572508
2002-03-26,0.9399833679199218
2002-03-27,0.8151599764823912
2002-03-28,0.902288794517517
2002-03-29,0.916286826133728
2002-03-30,1.076495885848999
2002-03-31,1.003040075302124
2002-04-01,1.016381859779358
2002-04-02,1.0376800298690798
2002-04-03,1.2460243701934814
2002-04-04,1.5718997716903687
2002-04-05,1.3495597839355469
2002-04-06,1.135500431060791
2002-04-07,1.0315650701522827
2002-04-08,1.215653657913208
2002-04-09,1.2580109834671023
2002-04-10,1.2207930088043213
2002-04-11,1.2877339124679563
2002-04-12,1.34416925907135
2002-04-13,1.3867441415786743
2002-04-14,1.0928807258605955
2002-04-15,0.9414342641830444
2002-04-16,0.9879345297813416
2002-04-17,1.072653889656067
2002-04-18,1.142045497894287
2002-04-19,1.2164739370346065
2002-04-20,1.120588779449463
2002-04-21,1.1269748210906982
2002-04-22,0.978193700313568
2002-04-23,1.0150264501571655
2002-04-24,1.2194752693176267
2002-04-25,1.3337674140930176
2002-04-26,1.1205652952194212
2002-04-27,1.1352359056472778
2002-04-28,1.3794773817062376
2002-04-29,1.6000287532806399
2002-04-30,1.738525152206421
2002-05-01,1.6223825216293335
2002-05-02,1.1263856887817383
2002-05-03,1.1305164098739624
2002-05-04,1.0613900423049927
2002-05-05,0.999619126319885
2002-05-06,1.032066226005554
2002-05-07,1.0127818584442139
2002-05-08,1.238268733024597
2002-05-09,1.236712336540222
2002-05-10,1.3602849245071411
2002-05-11,1.5443750619888303
2002-05-12,1.9843769073486333
2002-05-13,1.6030491590499876
2002-05-14,1.3358073234558103
2002-05-15,1.3074166774749758
2002-05-16,1.6053762435913086
2002-05-17,1.6401219367980957
2002-05-18,1.6256223917007449
2002-05-19,1.8605380058288572
2002-05-20,1.535822510719299
2002-05-21,1.4536714553833008
2002-05-22,1.4247906208038328
2002-05-23,1.5345386266708376
2002-05-24,1.7685050964355469
2002-05-25,1.9327914714813232
2002-05-26,1.889955282211304
2002-05-27,2.1416263580322266
2002-05-28,2.1066970825195312
2002-05-29,1.9497848749160769
2002-05-30,1.9033068418502808
2002-05-31,1.8298877477645876
2002-06-01,1.886223554611206
2002-06-02,1.8418593406677248
2002-06-03,1.9337673187255855
2002-06-04,1.886152982711792
2002-06-05,1.8305264711380005
2002-06-06,1.5185173749923706
2002-06-07,1.3666821718215942
2002-06-08,1.3432276248931887
2002-06-09,1.8294298648834229
2002-06-10,2.1950252056121826
2002-06-11,2.3397037982940674
2002-06-12,2.86340880393982
2002-06-13,3.296046257019043
2002-06-14,2.808188199996948
2002-06-15,2.3144099712371826
2002-06-16,1.96579372882843
2002-06-17,1.880672097206116
2002-06-18,1.6808140277862549
2002-06-19,1.895046949386597
2002-06-20,2.4217660427093506
2002-06-21,2.9168963432312007
2002-06-22,2.7732677459716806
2002-06-23,2.369138479232788
2002-06-24,2.4136407375335693
2002-06-25,3.022918701171875
2002-06-26,3.3621122837066646
2002-06-27,2.327031135559082
2002-06-28,2.018367290496826
2002-06-29,2.0030508041381836
2002-06-30,1.8814642429351809
2002-07-01,1.904674768447876
2002-07-02,2.029444694519043
2002-07-03,1.9057840108871456
2002-07-04,1.7583664655685425
2002-07-05,2.07595419883728
2002-07-06,2.62251877784729
2002-07-07,2.8183786869049072
2002-07-08,2.0713043212890625
2002-07-09,2.598668575286865
2002-07-10,3.785267353057861
2002-07-11,3.366750717163085
2002-07-12,3.25973653793335
2002-07-13,3.0679638385772705
2002-07-14,2.356515645980835
2002-07-15,2.3277297019958496
2002-07-16,2.652723550796509
2002-07-17,2.773573875427246
2002-07-18,2.7419590950012207
2002-07-19,2.294705867767334
2002-07-20,2.3323078155517574
2002-07-21,2.749788045883179
2002-07-22,3.5496771335601807
2002-07-23,3.3202972412109366
2002-07-24,3.2038891315460205
2002-07-25,2.747350931167603
2002-07-26,2.0628509521484366
2002-07-27,2.003215312957764
2002-07-28,1.9055092334747317
2002-07-29,1.9646651744842527
2002-07-30,1.876293897628784
2002-07-31,1.8261424303054807
2002-08-01,2.046811580657959
2002-08-02,1.7470053434371948
2002-08-03,1.8478188514709473
2002-08-04,1.6336101293563843
2002-08-05,1.6272002458572388
2002-08-06,1.5607439279556277
2002-08-07,1.7512855529785154
2002-08-08,2.000178098678589
2002-08-09,2.263021230697632
2002-08-10,2.27029013633728
2002-08-11,2.2098460197448726
2002-08-12,2.5104184150695805
2002-08-13,3.031561136245727
2002-08-14,2.705607414245605
2002-08-15,2.493967533111572
2002-08-16,2.236624002456665
2002-08-17,2.056552648544312
2002-08-18,2.024122953414917
2002-08-19,1.8702982664108283
2002-08-20,1.529968500137329
2002-08-21,1.52107036113739
2002-08-22,1.918496012687683
2002-08-23,2.233999013900757
2002-08-24,2.2226865291595455
2002-08-25,1.8818763494491575
2002-08-26,1.6613450050354002
2002-08-27,2.098445653915405
2002-08-28,2.5718154907226562
2002-08-29,2.1167142391204834
2002-08-30,1.5923740863800049
2002-08-31,1.7783185243606565
2002-09-01,1.5715466737747195
2002-09-02,1.6647039651870725
2002-09-03,1.3836164474487305
2002-09-04,1.3506797552108765
2002-09-05,1.3446978330612185
2002-09-06,1.3615921735763548
2002-09-07,1.274030685424805
2002-09-08,1.2591315507888794
2002-09-09,1.6417410373687744
2002-09-10,1.901866555213928
2002-09-11,1.989609241485596
2002-09-12,1.9902493953704836
2002-09-13,2.0594024658203125
2002-09-14,2.0171000957489014
2002-09-15,1.5490710735321043
2002-09-16,1.2774897813796995
2002-09-17,1.206610918045044
2002-09-18,1.2155451774597168
2002-09-19,1.3345919847488403
2002-09-20,1.1569741964340208
2002-09-21,1.2534840106964111
2002-09-22,1.6240942478179932
2002-09-23,1.7083628177642824
2002-09-24,1.57542884349823
2002-09-25,1.5421558618545534
2002-09-26,1.36226224899292
2002-09-27,1.2457580566406248
2002-09-28,1.3382341861724851
2002-09-29,1.0240380764007568
2002-09-30,0.8832677602767944
2002-10-01,0.9018512368202208
2002-10-02,0.91679048538208
2002-10-03,1.0538252592086794
2002-10-04,1.10332453250885
2002-10-05,1.0459004640579224
2002-10-06,1.2539067268371582
2002-10-07,1.1615829467773438
2002-10-08,1.1158543825149536
2002-10-09,1.0388076305389404
2002-10-10,0.8333895802497862
2002-10-11,0.7845122218132019
2002-10-12,0.8766440749168397
2002-10-13,1.0430824756622312
2002-10-14,1.1338276863098145
2002-10-15,1.3155637979507446
2002-10-16,1.3631578683853147
2002-10-17,1.369402527809143
2002-10-18,1.105989933013916
2002-10-19,0.9211815595626832
2002-10-20,1.0694663524627683
2002-10-21,0.9800351858139038
2002-10-22,1.0323344469070435
2002-10-23,0.9465717077255248
2002-10-24,0.8143296241760255
2002-10-25,0.7729857563972474
2002-10-26,0.7238996028900146
2002-10-27,0.7321609854698181
2002-10-28,0.6971697211265564
2002-10-29,0.5889530777931213
2002-10-30,0.513666570186615
2002-10-31,0.5243802070617676
2002-11-01,0.6014925241470337
2002-11-02,0.6474435329437256
2002-11-03,0.6385338306427002
2002-11-04,0.6873706579208374
2002-11-05,0.7679302096366881
2002-11-06,0.7864457368850707
2002-11-07,0.8099592328071593
2002-11-08,0.7440626621246339
2002-11-09,0.7105066776275634
2002-11-10,0.7223072052001953
2002-11-11,0.7713446617126464
2002-11-12,0.8277446627616882
2002-11-13,0.8102661967277527
2002-11-14,0.7519088983535767
2002-11-15,0.7523053884506226
2002-11-16,0.775528848171234
2002-11-17,0.7346797585487365
2002-11-18,0.803928792476654
2002-11-19,0.9998858571052552
2002-11-20,1.0729960203170776
2002-11-21,1.0614571571350095
2002-11-22,0.954001009464264
2002-11-23,0.7808348536491393
2002-11-24,0.6547492146492004
2002-11-25,0.6398905515670776
2002-11-26,0.6744801998138428
2002-11-27,0.7472220063209533
2002-11-28,0.7426938414573669
2002-11-29,0.766925573348999
2002-11-30,0.7711248993873597
2002-12-01,0.6808958649635314
2002-12-02,0.5851089358329773
2002-12-03,0.5312086343765258
2002-12-04,0.5323904156684875
2002-12-05,0.5796616673469543
2002-12-06,0.6078214645385742
2002-12-07,0.5906635522842408
2002-12-08,0.559883177280426
2002-12-09,0.5556854605674744
2002-12-10,0.5508954524993896
2002-12-11,0.6060513854026793
2002-12-12,0.6526910662651062
2002-12-13,0.6627488732337952
2002-12-14,0.7272556424140929
2002-12-15,0.7046154737472535
2002-12-16,0.6281768679618835
2002-12-17,0.542284607887268
2002-12-18,0.5188656449317932
2002-12-19,0.5162788033485413
2002-12-20,0.5567820072174072
2002-12-21,0.5516621470451355
2002-12-22,0.5386051535606383
2002-12-23,0.4703567624092102
2002-12-24,0.4730154573917389
2002-12-25,0.5031901001930237
2002-12-26,0.5237522125244141
2002-12-27,0.5645421147346497
2002-12-28,0.5571800470352173
2002-12-29,0.4609494209289551
2002-12-30,0.5058093070983887
2002-12-31,0.5351253747940063
2003-01-01,0.568729043006897
2003-01-02,0.7208424210548401
2003-01-03,0.7442016601562499
2003-01-04,0.7205570936203003
2003-01-05,0.6702860593795776
2003-01-06,0.6949540972709656
2003-01-07,0.6995187401771547
2003-01-08,0.6497509479522705
2003-01-09,0.578086793422699
2003-01-10,0.5204176306724548
2003-01-11,0.5612730979919434
2003-01-12,0.6284168362617492
2003-01-13,0.6545157432556152
2003-01-14,0.6102010607719421
2003-01-15,0.5561732649803162
2003-01-16,0.6001625061035156
2003-01-17,0.6458048820495604
2003-01-18,0.585679829120636
2003-01-19,0.6144389510154724
2003-01-20,0.6581817269325256
2003-01-21,0.6035148501396179
2003-01-22,0.6546061038970947
2003-01-23,0.7323793172836301
2003-01-24,0.7797325253486633
2003-01-25,0.8504125475883484
2003-01-26,0.9433596730232238
2003-01-27,0.7738814353942871
2003-01-28,0.7379646301269531
2003-01-29,0.7338944077491761
2003-01-30,0.8734549283981324
2003-01-31,0.8975658416748047
2003-02-01,0.725811779499054
2003-02-02,0.7103875279426575
2003-02-03,0.6513634920120239
2003-02-04,0.5967457294464111
2003-02-05,0.618867039680481
2003-02-06,0.6505534052848817
2003-02-07,0.6722647547721864
2003-02-08,0.6691082119941711
2003-02-09,0.6739602088928223
2003-02-10,0.6384830474853516
2003-02-11,0.7422382235527039
2003-02-12,0.7926459908485411
2003-02-13,0.7958621978759765
2003-02-14,0.807465672492981
2003-02-15,0.7632612586021422
2003-02-16,0.7704970240592957
2003-02-17,0.7303130030632019
2003-02-18,0.7208021283149719
2003-02-19,0.7384997010231017
2003-02-20,0.7793534994125366
2003-02-21,0.8027148842811584
2003-02-22,0.7291369438171386
2003-02-23,0.5602841973304749
2003-02-24,0.5216300487518312
2003-02-25,0.621123731136322
2003-02-26,0.6970111131668091
2003-02-27,0.6907626390457153
2003-02-28,0.6903260946273804
2003-03-01,0.7448669672012329
2003-03-02,0.7335826754570007
2003-03-03,0.7215988039970399
2003-03-04,0.7498329877853394
2003-03-05,0.7378985285758973
2003-03-06,0.691327691078186
2003-03-07,0.690544843673706
2003-03-08,0.6908984184265137
2003-03-09,0.82626610994339
2003-03-10,0.9826921820640566
2003-03-11,0.9855847358703614
2003-03-12,1.0635119676589964
2003-03-13,1.139482021331787
2003-03-14,1.1601117849349976
2003-03-15,1.094652771949768
2003-03-16,1.0234744548797607
2003-03-17,0.9185730218887328
2003-03-18,0.8700788617134094
2003-03-19,0.9328152537345886
2003-03-20,0.956323802471161
2003-03-21,0.9842509627342224
2003-03-22,0.940492570400238
2003-03-23,0.8513334393501281
2003-03-24,0.8084900975227356
2003-03-25,0.9664482474327089
2003-03-26,0.914608359336853
2003-03-27,0.9862214922904968
2003-03-28,1.0932073593139648
2003-03-29,1.3545249700546265
2003-03-30,1.595335841178894
2003-03-31,1.2150250673294067
2003-04-01,0.9665887951850892
2003-04-02,0.9131675362586976
2003-04-03,0.8746153712272643
2003-04-04,0.8820114135742188
2003-04-05,0.8501207232475279
2003-04-06,0.973926544189453
2003-04-07,1.065347671508789
2003-04-08,1.423181176185608
2003-04-09,1.2363182306289675
2003-04-10,1.2884162664413452
2003-04-11,1.340356945991516
2003-04-12,1.3809195756912231
2003-04-13,1.2219842672348022
2003-04-14,1.203100562095642
2003-04-15,1.21610426902771
2003-04-16,1.224960684776306
2003-04-17,1.1077020168304446
2003-04-18,1.0852243900299072
2003-04-19,1.242294669151306
2003-04-20,1.5786042213439937
2003-04-21,1.2939977645874023
2003-04-22,1.0986355543136597
2003-04-23,1.1728858947753904
2003-04-24,1.0877254009246824
2003-04-25,1.2100334167480469
2003-04-26,1.2053340673446655
2003-04-27,1.3827319145202637
2003-04-28,1.5949853658676147
2003-04-29,1.6138366460800169
2003-04-30,1.387468695640564
2003-05-01,1.581781506538391
2003-05-02,1.5780742168426511
2003-05-03,1.3030126094818113
2003-05-04,1.2130891084671023
2003-05-05,1.1709923744201662
2003-05-06,1.2005796432495115
2003-05-07,1.184157967567444
2003-05-08,1.3426718711853027
2003-05-09,1.4049179553985598
2003-05-10,1.608162760734558
2003-05-11,1.6923102140426636
2003-05-12,1.6325403451919553
2003-05-13,1.797508358955383
2003-05-14,1.5342484712600706
2003-05-15,1.154996156692505
2003-05-16,1.1601750850677488
2003-05-17,1.1220033168792725
2003-05-18,1.2137914896011353
2003-05-19,1.4770026206970215
2003-05-20,1.7125056982040403
2003-05-21,1.7654477357864382
2003-05-22,1.946690917015076
2003-05-23,2.457129240036011
2003-05-24,2.571589708328247
2003-05-25,1.7179166078567505
2003-05-26,1.7587355375289917
2003-05-27,2.3351762294769283
2003-05-28,2.33746600151062
2003-05-29,2.3529152870178223
2003-05-30,2.240649700164795
2003-05-31,1.954361081123352
2003-06-01,1.8944373130798335
2003-06-02,1.8229669332504272
2003-06-03,1.9858114719390867
2003-06-04,2.5523788928985596
2003-06-05,3.206541061401367
2003-06-06,3.522034168243408
2003-06-07,3.467371225357056
2003-06-08,2.645282745361328
2003-06-09,1.9197769165039065
2003-06-10,1.6436532735824585
2003-06-11,1.9393824338912964
2003-06-12,2.0957279205322266
2003-06-13,1.7229547500610352
2003-06-14,1.6635652780532837
2003-06-15,2.0217142105102535
2003-06-16,2.3306968212127686
2003-06-17,2.9370851516723637
2003-06-18,2.0741841793060303
2003-06-19,1.5145184993743899
2003-06-20,1.400424242019653
2003-06-21,1.4225207567214964
2003-06-22,1.536009669303894
2003-06-23,1.6352442502975462
2003-06-24,1.9251976013183596
2003-06-25,2.2617573738098145
2003-06-26,2.723973274230957
2003-06-27,2.809821844100952
2003-06-28,3.1179885864257804
2003-06-29,3.1816141605377206
2003-06-30,2.174382448196411
2003-07-01,1.8739867210388184
2003-07-02,1.8269323110580444
2003-07-03,1.9563781023025513
2003-07-04,2.152894735336304
2003-07-05,2.1845359802246094
2003-07-06,2.2451889514923087
2003-07-07,2.2734780311584473
2003-07-08,1.9139645099639888
2003-07-09,2.47590446472168
2003-07-10,3.1842303276062007
2003-07-11,2.900904893875122
2003-07-12,2.6832323074340816
2003-07-13,2.1310553550720206
2003-07-14,2.270689249038696
2003-07-15,2.4324162006378174
2003-07-16,2.086488485336304
2003-07-17,2.1850988864898686
2003-07-18,2.75136661529541
2003-07-19,2.89830493927002
2003-07-20,2.7070059776306152
2003-07-21,2.8691182136535645
2003-07-22,2.91564393043518
2003-07-23,2.549421787261963
2003-07-24,2.2007040977478027
2003-07-25,2.2018933296203613
2003-07-26,2.2582709789276123
2003-07-27,2.5460658073425284
2003-07-28,2.886691093444824
2003-07-29,3.2415482997894287
2003-07-30,3.2046148777008057
2003-07-31,2.74035120010376
2003-08-01,2.3739361763000484
2003-08-02,2.255486965179444
2003-08-03,2.06057357788086
2003-08-04,2.1453371047973633
2003-08-05,2.150214195251465
2003-08-06,1.9942890405654907
2003-08-07,2.0243618488311768
2003-08-08,2.1149857044219966
2003-08-09,2.0687575340271
2003-08-10,1.948996424674988
2003-08-11,1.8007020950317385
2003-08-12,1.7283451557159424
2003-08-13,1.8475954532623289
2003-08-14,2.299149513244629
2003-08-15,2.2974944114685054
2003-08-16,1.71672785282135
2003-08-17,1.9904676675796509
2003-08-18,2.2119946479797363
2003-08-19,1.907548189163208
2003-08-20,1.9378658533096316
2003-08-21,2.2169792652130127
2003-08-22,1.7647769451141355
2003-08-23,1.3765913248062132
2003-08-24,1.5357578992843628
2003-08-25,2.0883569717407227
2003-08-26,1.6709356307983398
2003-08-27,1.5574620962142947
2003-08-28,1.7081003189086914
2003-08-29,2.0262463092803955
2003-08-30,2.1867313385009766
2003-08-31,1.8009017705917358
2003-09-01,1.7075843811035156
2003-09-02,2.211885929107666
2003-09-03,2.464141845703125
2003-09-04,2.3535268306732178
2003-09-05,2.1689019203186035
2003-09-06,2.0390191078186035
2003-09-07,1.3989710807800293
2003-09-08,1.166926026344299
2003-09-09,1.2128371000289917
2003-09-10,1.287749767303467
2003-09-11,1.3098119497299194
2003-09-12,1.2332372665405271
2003-09-13,1.394185185432434
2003-09-14,1.3731065988540647
2003-09-15,1.2128441333770754
2003-09-16,0.9788843393325806
2003-09-17,1.0978437662124632
2003-09-18,1.316894292831421
2003-09-19,1.2966922521591187
2003-09-20,1.254882574081421
2003-09-21,1.34687602519989
2003-09-22,1.590479493141174
2003-09-23,1.5540752410888674
2003-09-24,1.7329140901565552
2003-09-25,1.6511986255645752
2003-09-26,1.7972135543823242
2003-09-27,2.159738779067993
2003-09-28,2.1856579780578613
2003-09-29,1.8098582029342647
2003-09-30,1.6329528093338013
2003-10-01,1.6796544790267942
2003-10-02,1.4721851348876953
2003-10-03,1.7270507812499998
2003-10-04,1.5842262506484985
2003-10-05,1.3583314418792725
2003-10-06,1.4597593545913699
2003-10-07,1.1373786926269531
2003-10-08,1.0316084623336794
2003-10-09,0.9157691597938536
2003-10-10,0.908382773399353
2003-10-11,0.929207980632782
2003-10-12,0.9862641096115112
2003-10-13,1.0900677442550657
2003-10-14,1.025102615356445
2003-10-15,0.9237523078918456
2003-10-16,1.15055251121521
2003-10-17,1.5178284645080566
2003-10-18,1.476320743560791
2003-10-19,1.3044826984405515
2003-10-20,1.4730290174484253
2003-10-21,1.8786485195159912
2003-10-22,1.4350714683532713
2003-10-23,1.0115708112716675
2003-10-24,0.9866802096366882
2003-10-25,1.105777621269226
2003-10-26,1.4185501337051392
2003-10-27,1.1582493782043457
2003-10-28,1.0614656209945679
2003-10-29,0.7928879857063293
2003-10-30,0.6210625767707825
2003-10-31,0.535026252269745
2003-11-01,0.570402979850769
2003-11-02,0.5175311565399169
2003-11-03,0.518168807029724
2003-11-04,0.484798640012741
2003-11-05,0.4945759773254394
2003-11-06,0.5483974814414977
2003-11-07,0.6220434904098511
2003-11-08,0.7644577026367188
2003-11-09,0.8227882385253906
2003-11-10,0.7756300568580627
2003-11-11,0.7776878476142884
2003-11-12,0.7471188306808471
2003-11-13,0.7599682211875916
2003-11-14,0.7436352968215942
2003-11-15,0.7011570334434509
2003-11-16,0.6894642114639282
2003-11-17,0.7506443858146667
2003-11-18,0.9351563453674316
2003-11-19,0.770287275314331
2003-11-20,0.4957705736160278
2003-11-21,0.43292760848999023
2003-11-22,0.4211243689060211
2003-11-23,0.5348036289215087
2003-11-24,0.5408580303192138
2003-11-25,0.5614946484565736
2003-11-26,0.5884619951248169
2003-11-27,0.5807592868804932
2003-11-28,0.6784986853599548
2003-11-29,0.6956787109375
2003-11-30,0.5976508855819702
2003-12-01,0.607698380947113
2003-12-02,0.6281806826591492
2003-12-03,0.5611696243286132
2003-12-04,0.5512542128562927
2003-12-05,0.645830750465393
2003-12-06,0.6166222095489501
2003-12-07,0.545840322971344
2003-12-08,0.559242844581604
2003-12-09,0.5053070783615111
2003-12-10,0.5280904173851013
2003-12-11,0.5273733139038086
2003-12-12,0.5375609993934631
2003-12-13,0.5692667961120605
2003-12-14,0.5347136855125427
2003-12-15,0.5471974611282349
2003-12-16,0.5805026292800904
2003-12-17,0.5976369380950927
2003-12-18,0.6501916646957396
2003-12-19,0.6709160804748535
2003-12-20,0.6571707725524902
2003-12-21,0.6419324874877929
2003-12-22,0.6084297895431519
2003-12-23,0.6114376783370972
2003-12-24,0.6092870235443116
2003-12-25,0.5344110727310181
2003-12-26,0.4612549841403962
2003-12-27,0.4360186457633972
2003-12-28,0.42036172747612
2003-12-29,0.3622973561286926
2003-12-30,0.34206256270408636
2003-12-31,0.37557598948478693
2004-01-01,0.363036423921585
2004-01-02,0.4188849031925202
2004-01-03,0.34175354242324824
2004-01-04,0.2293291240930557
2004-01-05,0.2012845277786255
2004-01-06,0.2331045866012573
2004-01-07,0.32884299755096436
2004-01-08,0.45009040832519526
2004-01-09,0.6074689626693724
2004-01-10,0.6922627091407776
2004-01-11,0.6613652110099791
2004-01-12,0.674669623374939
2004-01-13,0.7061599493026733
2004-01-14,0.7541195750236511
2004-01-15,0.7590455412864685
2004-01-16,0.6521934270858765
2004-01-17,0.6723000407218932
2004-01-18,0.6860137581825256
2004-01-19,0.6719408035278321
2004-01-20,0.6155280470848083
2004-01-21,0.5799906253814697
2004-01-22,0.6097970008850098
2004-01-23,0.6887072920799255
2004-01-24,0.6121090650558472
2004-01-25,0.5490300059318542
2004-01-26,0.5980194211006165
2004-01-27,0.6859344244003296
2004-01-28,0.7296984791755676
2004-01-29,0.8429847955703734
2004-01-30,0.7391280531883238
2004-01-31,0.6003486514091492
2004-02-01,0.611236810684204
2004-02-02,0.5718191862106323
2004-02-03,0.64884090423584
2004-02-04,0.6265780329704284
2004-02-05,0.5603306293487548
2004-02-06,0.6308491230010985
2004-02-07,0.6561617851257324
2004-02-08,0.6472816467285156
2004-02-09,0.6479082107543945
2004-02-10,0.7223987579345702
2004-02-11,0.7296668887138367
2004-02-12,0.7706982493400573
2004-02-13,0.7431294322013856
2004-02-14,0.75510174036026
2004-02-15,0.7234661579132081
2004-02-16,0.7224475741386412
2004-02-17,0.7232912182807922
2004-02-18,0.7851603031158446
2004-02-19,0.78453928232193
2004-02-20,0.746483027935028
2004-02-21,0.7556583285331726
2004-02-22,0.8363806605339049
2004-02-23,0.9386057257652282
2004-02-24,0.8384910225868225
2004-02-25,0.7621174454689027
2004-02-26,0.85995352268219
2004-02-27,0.8823772072792052
2004-02-28,0.8321231603622437
2004-02-29,0.849494993686676
2004-03-01,0.8966280221939087
2004-03-02,0.814405083656311
2004-03-03,0.7476586699485779
2004-03-04,0.7724834084510803
2004-03-05,0.7576788663864134
2004-03-06,0.7886810898780823
2004-03-07,0.9618763327598574
2004-03-08,1.345560312271118
2004-03-09,1.1519817113876343
2004-03-10,1.0144009590148926
2004-03-11,1.1264750957489011
2004-03-12,0.9131582379341122
2004-03-13,0.9304845333099364
2004-03-14,0.990381360054016
2004-03-15,0.9521114230155944
2004-03-16,1.0256669521331787
2004-03-17,1.004513382911682
2004-03-18,0.9005498290061951
2004-03-19,0.8280338048934937
2004-03-20,0.932289719581604
2004-03-21,1.3664721250534055
2004-03-22,1.5354455709457395
2004-03-23,1.188627243041992
2004-03-24,0.9967661499977114
2004-03-25,0.9495500326156616
2004-03-26,0.9939520359039306
2004-03-27,0.988008975982666
2004-03-28,1.1579188108444212
2004-03-29,1.4326668977737427
2004-03-30,1.1199383735656738
2004-03-31,0.904526114463806
2004-04-01,0.9598280191421505
2004-04-02,1.2228033542633059
2004-04-03,1.568245768547058
2004-04-04,1.3020693063735962
2004-04-05,1.0867201089859009
2004-04-06,1.377060294151306
2004-04-07,1.2390372753143313
2004-04-08,1.2599854469299316
2004-04-09,1.500283122062683
2004-04-10,1.7244163751602175
2004-04-11,1.8942229747772217
2004-04-12,1.6381797790527344
2004-04-13,1.3544422388076782
2004-04-14,1.1860803365707393
2004-04-15,1.1275303363800049
2004-04-16,1.1792886257171633
2004-04-17,1.225550889968872
2004-04-18,1.2124537229537966
2004-04-19,1.2601269483566284
2004-04-20,1.2266731262207031
2004-04-21,1.2363735437393188
2004-04-22,1.4753311872482302
2004-04-23,1.3142018318176267
2004-04-24,1.2539868354797363
2004-04-25,1.6494781970977785
2004-04-26,2.2288949489593506
2004-04-27,1.5988644361495972
2004-04-28,1.4190465211868286
2004-04-29,1.7754340171813965
2004-04-30,2.171260356903076
2004-05-01,2.324284791946411
2004-05-02,1.9146757125854488
2004-05-03,1.8645424842834473
2004-05-04,1.5165475606918335
2004-05-05,1.3305596113204956
2004-05-06,1.572643756866455
2004-05-07,1.6801283359527588
2004-05-08,1.4989163875579832
2004-05-09,1.5015437602996826
2004-05-10,1.360345005989075
2004-05-11,1.3263391256332395
2004-05-12,1.4767357110977173
2004-05-13,1.6650887727737427
2004-05-14,1.8121063709259035
2004-05-15,1.6445704698562622
2004-05-16,1.4893152713775637
2004-05-17,1.7193531990051265
2004-05-18,1.9818651676177976
2004-05-19,1.7176669836044314
2004-05-20,1.795033812522888
2004-05-21,1.6152132749557497
2004-05-22,1.5440772771835327
2004-05-23,1.6561548709869385
2004-05-24,1.8800178766250608
2004-05-25,2.087467908859253
2004-05-26,1.9138410091400144
2004-05-27,1.6722937822341917
2004-05-28,1.5353569984436033
2004-05-29,1.4935100078582764
2004-05-30,1.660531520843506
2004-05-31,1.5893105268478391
2004-06-01,1.768256425857544
2004-06-02,2.1557860374450684
2004-06-03,2.7192456722259517
2004-06-04,2.8161141872406006
2004-06-05,2.0620062351226807
2004-06-06,1.9133944511413572
2004-06-07,1.7666726112365723
2004-06-08,2.249050617218017
2004-06-09,2.270383834838867
2004-06-10,1.733112454414368
2004-06-11,1.5487356185913086
2004-06-12,1.79708456993103
2004-06-13,1.8030771017074585
2004-06-14,1.6837188005447388
2004-06-15,1.954875469207764
2004-06-16,2.5094828605651855
2004-06-17,3.054372310638428
2004-06-18,3.1174271106719966
2004-06-19,3.027738571166992
2004-06-20,3.13208556175232
2004-06-21,3.4471352100372314
2004-06-22,3.3451025485992436
2004-06-23,2.5070219039916997
2004-06-24,2.337025642395019
2004-06-25,2.3129284381866446
2004-06-26,2.411665678024292
2004-06-27,2.386236429214477
2004-06-28,2.4799950122833248
2004-06-29,2.65703558921814
2004-06-30,2.582748889923096
2004-07-01,2.6441800594329834
2004-07-02,2.3636419773101807
2004-07-03,2.190369844436645
2004-07-04,2.1635839939117436
2004-07-05,2.3857877254486084
2004-07-06,2.040526866912842
2004-07-07,1.7197279930114744
2004-07-08,2.063037157058716
2004-07-09,1.9699729681015012
2004-07-10,1.9673204421997073
2004-07-11,2.1823015213012686
2004-07-12,2.8082702159881596
2004-07-13,3.092629194259643
2004-07-14,3.276429176330567
2004-07-15,2.7943904399871826
2004-07-16,2.826736688613892
2004-07-17,3.1169359683990474
2004-07-18,3.1288042068481445
2004-07-19,2.7269041538238525
2004-07-20,2.4613378047943115
2004-07-21,2.5201969146728516
2004-07-22,2.996511459350585
2004-07-23,3.579355239868164
2004-07-24,3.9116258621215825
2004-07-25,2.7606647014617915
2004-07-26,2.436720609664917
2004-07-27,2.626829385757446
2004-07-28,2.7891430854797363
2004-07-29,2.7739133834838863
2004-07-30,2.4718084335327153
2004-07-31,2.4978852272033687
2004-08-01,2.5542075634002686
2004-08-02,2.3959264755249023
2004-08-03,2.1012682914733887
2004-08-04,2.2222537994384766
2004-08-05,1.878625988960266
2004-08-06,1.8288353681564329
2004-08-07,2.000952243804932
2004-08-08,2.3653709888458243
2004-08-09,2.9605667591094966
2004-08-10,3.1184139251708984
2004-08-11,3.1557323932647705
2004-08-12,3.181541919708252
2004-08-13,3.049799680709839
2004-08-14,3.2184038162231445
2004-08-15,2.6903750896453857
2004-08-16,2.549529552459717
2004-08-17,2.421738147735596
2004-08-18,2.4189398288726807
2004-08-19,2.580193996429444
2004-08-20,2.510561466217041
2004-08-21,2.298215866088867
2004-08-22,1.8247665166854856
2004-08-23,1.8625288009643557
2004-08-24,1.954706788063049
2004-08-25,1.8871856927871704
2004-08-26,1.98790431022644
2004-08-27,2.1154737472534175
2004-08-28,2.1994457244873047
2004-08-29,2.436386108398437
2004-08-30,2.5172817707061763
2004-08-31,2.6664471626281734
2004-09-01,1.8642327785491943
2004-09-02,1.650019407272339
2004-09-03,1.725940108299255
2004-09-04,1.7158734798431396
2004-09-05,1.76101815700531
2004-09-06,1.7916485071182249
2004-09-07,1.8583801984786992
2004-09-08,1.8892529010772705
2004-09-09,1.7833805084228516
2004-09-10,1.8937721252441408
2004-09-11,1.8683671951293948
2004-09-12,1.595772504806518
2004-09-13,1.4975990056991577
2004-09-14,1.518761873245239
2004-09-15,1.532727599143982
2004-09-16,1.5109997987747195
2004-09-17,1.442013621330261
2004-09-18,1.2717630863189695
2004-09-19,1.2642698287963867
2004-09-20,1.3375741243362427
2004-09-21,1.4662470817565916
2004-09-22,1.4313414096832275
2004-09-23,1.5410859584808347
2004-09-24,1.7328487634658813
2004-09-25,1.8285642862319944
2004-09-26,1.6575326919555664
2004-09-27,1.939104914665222
2004-09-28,1.8677860498428345
2004-09-29,1.4501833915710447
2004-09-30,1.4449460506439207
2004-10-01,1.5315648317337036
2004-10-02,1.7024835348129275
2004-10-03,1.744310140609741
2004-10-04,1.703945517539978
2004-10-05,1.6711244583129883
2004-10-06,1.3487294912338257
2004-10-07,1.3439311981201172
2004-10-08,1.356404185295105
2004-10-09,1.138096809387207
2004-10-10,1.260117530822754
2004-10-11,1.38141131401062
2004-10-12,1.4402869939804077
2004-10-13,1.6685471534729006
2004-10-14,1.586920619010925
2004-10-15,1.369864583015442
2004-10-16,1.2602566480636597
2004-10-17,1.1131081581115723
2004-10-18,0.9490646123886108
2004-10-19,1.0049322843551636
2004-10-20,1.035145282745361
2004-10-21,0.9059086441993712
2004-10-22,0.926742732524872
2004-10-23,0.8116032481193542
2004-10-24,0.8027344942092896
2004-10-25,0.8113245964050292
2004-10-26,0.8913077116012572
2004-10-27,0.958379030227661
2004-10-28,0.7834616899490355
2004-10-29,0.8320814371109007
2004-10-30,0.8260098099708557
2004-10-31,0.7361112236976622
2004-11-01,0.8127068877220154
2004-11-02,0.9104513525962828
2004-11-03,0.713103711605072
2004-11-04,0.7507246136665344
2004-11-05,0.8772840499877929
2004-11-06,0.9055016040802002
2004-11-07,1.0598124265670776
2004-11-08,1.007387638092041
2004-11-09,0.8905727863311766
2004-11-10,0.9519150853157043
2004-11-11,0.8764192461967469
2004-11-12,0.7985578775405883
2004-11-13,0.8050553798675538
2004-11-14,0.7881640195846557
2004-11-15,0.8471171855926514
2004-11-16,0.7467987537384033
2004-11-17,0.6751351356506348
2004-11-18,0.6780702471733093
2004-11-19,0.6222066879272461
2004-11-20,0.582838773727417
2004-11-21,0.6134161949157714
2004-11-22,0.6976019740104676
2004-11-23,0.797915041446686
2004-11-24,0.9453914761543272
2004-11-25,0.8064751625061036
2004-11-26,0.6081446409225464
2004-11-27,0.5617409944534301
2004-11-28,0.5050351023674011
2004-11-29,0.5087048411369325
2004-11-30,0.5723291039466858
2004-12-01,0.563288688659668
2004-12-02,0.5662316679954528
2004-12-03,0.6077629923820494
2004-12-04,0.6271188855171204
2004-12-05,0.5369642972946167
2004-12-06,0.5330864787101746
2004-12-07,0.5610305070877075
2004-12-08,0.6344310045242308
2004-12-09,0.7155455946922303
2004-12-10,0.9047253131866456
2004-12-11,0.748944044113159
2004-12-12,0.601770281791687
2004-12-13,0.6733334660530089
2004-12-14,0.7005830407142639
2004-12-15,0.6851667761802673
2004-12-16,0.7171893119812012
2004-12-17,0.7542794942855835
2004-12-18,0.7943416833877563
2004-12-19,0.7356300354003905
2004-12-20,0.5592970252037048
2004-12-21,0.5337305665016175
2004-12-22,0.5669406056404113
2004-12-23,0.5624651312828064
2004-12-24,0.6034162640571594
2004-12-25,0.6025379300117492
2004-12-26,0.5966123342514038
2004-12-27,0.629821240901947
2004-12-28,0.6174523830413818
2004-12-29,0.5685003399848938
2004-12-30,0.5614780187606813
2004-12-31,0.5692477226257324
2005-01-01,0.5470085144042969
2005-01-02,0.4842323958873748
2005-01-03,0.4062549471855164
2005-01-04,0.40427345037460327
2005-01-05,0.41218048334121693
2005-01-06,0.43211725354194636
2005-01-07,0.42914348840713507
2005-01-08,0.44900730252265925
2005-01-09,0.4526963233947754
2005-01-10,0.4120029509067536
2005-01-11,0.39447453618049616
2005-01-12,0.4974795877933503
2005-01-13,0.44283264875411993
2005-01-14,0.3519935011863708
2005-01-15,0.3389240801334381
2005-01-16,0.4627595543861389
2005-01-17,0.6886366009712219
2005-01-18,1.018502712249756
2005-01-19,1.1573561429977417
2005-01-20,1.033056139945984
2005-01-21,0.9844639897346495
2005-01-22,0.9657357931137088
2005-01-23,0.9913280606269836
2005-01-24,1.0203369855880735
2005-01-25,0.941524386405945
2005-01-26,0.8314081430435181
2005-01-27,0.803098440170288
2005-01-28,0.7554081678390504
2005-01-29,0.7536022663116454
2005-01-30,0.7970554828643799
2005-01-31,0.7865905761718751
2005-02-01,0.8250782489776612
2005-02-02,1.0115861892700195
2005-02-03,1.004915714263916
2005-02-04,0.7985405325889587
2005-02-05,0.6111572980880737
2005-02-06,0.5827309489250184
2005-02-07,0.6098275184631348
2005-02-08,0.6121015548706056
2005-02-09,0.6912000179290771
2005-02-10,0.7240678071975708
2005-02-11,0.76581609249115
2005-02-12,0.73166024684906
2005-02-13,0.6180242300033569
2005-02-14,0.5565597414970397
2005-02-15,0.5357774496078491
2005-02-16,0.6347583532333375
2005-02-17,0.7076269388198853
2005-02-18,0.7572803497314452
2005-02-19,0.72277694940567
2005-02-20,0.7226213812828064
2005-02-21,0.7814586162567136
2005-02-22,0.8840211033821107
2005-02-23,0.995213270187378
2005-02-24,1.0453360080718994
2005-02-25,0.9971170425415042
2005-02-26,1.0074028968811035
2005-02-27,1.042168378829956
2005-02-28,0.9798889756202696
2005-03-01,0.9992462992668154
2005-03-02,0.9738408923149108
2005-03-03,1.0274468660354614
2005-03-04,1.056585669517517
2005-03-05,1.0781532526016235
2005-03-06,1.2400891780853271
2005-03-07,1.198319911956787
2005-03-08,1.342463731765747
2005-03-09,1.2612329721450803
2005-03-10,1.399383783340454
2005-03-11,1.3688050508499143
2005-03-12,1.1426526308059692
2005-03-13,1.1531153917312622
2005-03-14,1.120218515396118
2005-03-15,0.971805989742279
2005-03-16,0.9377518892288208
2005-03-17,0.8822373747825623
2005-03-18,0.8656622767448425
2005-03-19,0.853464365005493
2005-03-20,0.9692907333374025
2005-03-21,0.8822394609451295
2005-03-22,0.9193980693817138
2005-03-23,1.0051031112670898
2005-03-24,0.9546642899513244
2005-03-25,1.0169992446899416
2005-03-26,1.0238974094390867
2005-03-27,1.0694664716720579
2005-03-28,0.9639019966125488
2005-03-29,0.9241771697998046
2005-03-30,0.9630956649780272
2005-03-31,1.0337729454040527
2005-04-01,1.0435712337493896
2005-04-02,1.046059250831604
2005-04-03,1.0456088781356812
2005-04-04,0.979552447795868
2005-04-05,1.06098473072052
2005-04-06,1.4579995870590208
2005-04-07,1.2418564558029175
2005-04-08,1.0773683786392212
2005-04-09,1.04229474067688
2005-04-10,1.1416256427764893
2005-04-11,1.0242552757263184
2005-04-12,0.9417899250984192
2005-04-13,1.0536057949066162
2005-04-14,1.06128191947937
2005-04-15,1.0196784734725952
2005-04-16,1.1842237710952759
2005-04-17,1.1559233665466306
2005-04-18,1.1980491876602175
2005-04-19,1.389511466026306
2005-04-20,1.58107328414917
2005-04-21,1.7622280120849607
2005-04-22,1.917557001113892
2005-04-23,1.8764184713363647
2005-04-24,1.833412766456604
2005-04-25,1.9086331129074097
2005-04-26,1.9030793905258176
2005-04-27,1.9848760366439813
2005-04-28,1.7361527681350708
2005-04-29,1.4452650547027586
2005-04-30,1.572811722755432
2005-05-01,1.8411916494369505
2005-05-02,1.851190209388733
2005-05-03,1.7398407459259033
2005-05-04,1.7530643939971922
2005-05-05,1.8561694622039795
2005-05-06,1.7470813989639284
2005-05-07,1.548241376876831
2005-05-08,1.6346518993377683
2005-05-09,1.7627865076065061
2005-05-10,1.6466882228851318
2005-05-11,1.6855726242065427
2005-05-12,1.7827597856521606
2005-05-13,2.026323080062866
2005-05-14,2.270071744918823
2005-05-15,1.9591143131256104
2005-05-16,1.5811752080917356
2005-05-17,1.6044285297393799
2005-05-18,1.8197698593139648
2005-05-19,1.703692674636841
2005-05-20,1.6640230417251587
2005-05-21,1.5869585275650022
2005-05-22,1.5580548048019407
2005-05-23,1.5729122161865237
2005-05-24,1.7888038158416748
2005-05-25,2.143758535385132
2005-05-26,2.9093525409698486
2005-05-27,3.388264417648315
2005-05-28,3.27269172668457
2005-05-29,2.2621448040008545
2005-05-30,2.016661643981933
2005-05-31,1.7538790702819824
2005-06-01,1.7251582145690916
2005-06-02,1.776523470878601
2005-06-03,1.71718168258667
2005-06-04,1.8387966156005855
2005-06-05,1.6140333414077759
2005-06-06,1.5966625213623047
2005-06-07,1.583531141281128
2005-06-08,1.6909266710281372
2005-06-09,1.962574601173401
2005-06-10,1.9658331871032717
2005-06-11,1.7579392194747925
2005-06-12,1.7007321119308472
2005-06-13,1.971670150756836
2005-06-14,1.9011811017990112
2005-06-15,2.04551362991333
2005-06-16,2.5090014934539795
2005-06-17,2.163114309310912
2005-06-18,2.256216049194336
2005-06-19,2.452835559844971
2005-06-20,3.049812793731689
2005-06-21,2.8771905899047843
2005-06-22,2.0379276275634766
2005-06-23,2.1575028896331787
2005-06-24,2.4332482814788814
2005-06-25,2.439594984054565
2005-06-26,2.1013903617858887
2005-06-27,1.9651063680648804
2005-06-28,2.0212099552154545
2005-06-29,2.466789484024048
2005-06-30,2.694495439529419
2005-07-01,2.3868148326873775
2005-07-02,1.8837420940399168
2005-07-03,2.19876480102539
2005-07-04,2.653195858001709
2005-07-05,2.729424238204956
2005-07-06,2.287806987762451
2005-07-07,2.2007222175598145
2005-07-08,2.1404654979705806
2005-07-09,2.16520619392395
2005-07-10,2.0996570587158203
2005-07-11,2.477134466171264
2005-07-12,2.350973129272461
2005-07-13,2.297743082046509
2005-07-14,2.5777192115783683
2005-07-15,2.618993759155273
2005-07-16,2.224505424499512
2005-07-17,2.7191860675811768
2005-07-18,3.0805892944335933
2005-07-19,2.516217231750488
2005-07-20,2.4522929191589355
2005-07-21,2.9129750728607178
2005-07-22,2.58842396736145
2005-07-23,2.2975497245788574
2005-07-24,2.1713855266571045
2005-07-25,2.4505767822265625
2005-07-26,2.8593237400054927
2005-07-27,3.0792679786682124
2005-07-28,2.848907947540283
2005-07-29,2.6573767662048335
2005-07-30,2.8644134998321533
2005-07-31,2.922758102416992
2005-08-01,2.1593539714813232
2005-08-02,2.0227832794189453
2005-08-03,2.5514991283416752
2005-08-04,3.086099863052368
2005-08-05,2.9313180446624756
2005-08-06,2.65556788444519
2005-08-07,2.554115533828736
2005-08-08,2.5013701915740967
2005-08-09,2.450010061264038
2005-08-10,2.0434525012969966
2005-08-11,1.7777081727981567
2005-08-12,2.1129443645477295
2005-08-13,2.570657730102539
2005-08-14,2.8725948333740234
2005-08-15,2.7815351486206046
2005-08-16,2.233408212661743
2005-08-17,1.8019078969955444
2005-08-18,2.014624834060669
2005-08-19,2.2740607261657715
2005-08-20,2.533289194107056
2005-08-21,2.3047513961791997
2005-08-22,1.9592791795730593
2005-08-23,1.631114840507507
2005-08-24,1.816331386566162
2005-08-25,2.2684977054595947
2005-08-26,2.2747135162353516
2005-08-27,2.0743932723999023
2005-08-28,1.9610642194747925
2005-08-29,1.575795531272888
2005-08-30,1.5818926095962524
2005-08-31,1.785863518714905
2005-09-01,2.001819610595703
2005-09-02,1.7298724651336668
2005-09-03,1.5801061391830447
2005-09-04,1.410723567008972
2005-09-05,1.4741826057434084
2005-09-06,1.74257755279541
2005-09-07,1.8287171125411987
2005-09-08,1.8408738374710083
2005-09-09,1.3306860923767088
2005-09-10,1.3418152332305908
2005-09-11,1.3744460344314575
2005-09-12,1.5029917955398557
2005-09-13,1.6002006530761719
2005-09-14,1.618351697921753
2005-09-15,1.3629701137542722
2005-09-16,1.2471182346343992
2005-09-17,1.245746374130249
2005-09-18,1.3910613059997559
2005-09-19,1.397313952445984
2005-09-20,1.244203567504883
2005-09-21,1.273517608642578
2005-09-22,1.1186087131500244
2005-09-23,1.119211554527283
2005-09-24,1.1665757894515991
2005-09-25,1.340445637702942
2005-09-26,1.5026130676269531
2005-09-27,1.332921028137207
2005-09-28,1.4182020425796509
2005-09-29,1.5901412963867188
2005-09-30,1.430654764175415
2005-10-01,1.1272242069244385
2005-10-02,1.0446908473968506
2005-10-03,1.0791290998458862
2005-10-04,1.1833755970001218
2005-10-05,1.3002241849899294
2005-10-06,1.3841999769210815
2005-10-07,1.233998656272888
2005-10-08,1.1640000343322754
2005-10-09,1.2349513769149778
2005-10-10,1.2795885801315308
2005-10-11,1.2325428724288943
2005-10-12,1.221336007118225
2005-10-13,1.195678472518921
2005-10-14,1.3905484676361086
2005-10-15,1.2731066942214964
2005-10-16,1.2073152065277102
2005-10-17,1.3914763927459715
2005-10-18,1.4319772720336914
2005-10-19,1.27899432182312
2005-10-20,1.0845539569854736
2005-10-21,1.3366082906723025
2005-10-22,1.409398317337036
2005-10-23,1.3336329460144043
2005-10-24,1.313788652420044
2005-10-25,1.221282720565796
2005-10-26,0.9118826985359194
2005-10-27,0.8562066555023194
2005-10-28,0.8820752501487732
2005-10-29,0.8553573489189148
2005-10-30,0.9276914596557616
2005-10-31,0.9348881244659422
2005-11-01,0.8441587686538696
2005-11-02,0.8169385194778442
2005-11-03,0.7789926528930664
2005-11-04,0.7716114521026611
2005-11-05,0.737573802471161
2005-11-06,0.7130001187324524
2005-11-07,0.6949883103370667
2005-11-08,0.694365918636322
2005-11-09,0.7671544551849364
2005-11-10,0.8710712790489197
2005-11-11,0.7072812914848328
2005-11-12,0.6690056324005128
2005-11-13,0.7737750411033631
2005-11-14,0.6444749236106871
2005-11-15,0.6365314722061157
2005-11-16,0.7946729660034179
2005-11-17,0.7918916344642638
2005-11-18,0.8796762824058532
2005-11-19,0.8468395471572877
2005-11-20,0.7656972408294676
2005-11-21,0.7580581307411194
2005-11-22,0.7284141778945923
2005-11-23,0.6269850134849548
2005-11-24,0.6231578588485718
2005-11-25,0.6253699064254761
2005-11-26,0.5411777496337891
2005-11-27,0.5087487101554871
2005-11-28,0.44814446568489075
2005-11-29,0.5252231359481812
2005-11-30,0.5105614066123962
2005-12-01,0.4701459407806396
2005-12-02,0.4727386236190796
2005-12-03,0.4742158949375152
2005-12-04,0.4518457651138305
2005-12-05,0.54231059551239
2005-12-06,0.4957057833671569
2005-12-07,0.4297570288181305
2005-12-08,0.43484777212142944
2005-12-09,0.5388878583908081
2005-12-10,0.5951455235481262
2005-12-11,0.5556299686431885
2005-12-12,0.4938115775585176
2005-12-13,0.4799962043762208
2005-12-14,0.4609212279319763
2005-12-15,0.442914217710495
2005-12-16,0.4242492616176605
2005-12-17,0.39563748240470886
2005-12-18,0.4065896272659302
2005-12-19,0.5040317177772522
2005-12-20,0.621783435344696
2005-12-21,0.6935189366340636
2005-12-22,0.759706974029541
2005-12-23,0.7957804799079895
2005-12-24,0.8724312186241151
2005-12-25,0.8372719287872314
2005-12-26,0.7202116847038269
2005-12-27,0.7009300589561462
2005-12-28,0.7013835310935974
2005-12-29,0.6554732918739319
2005-12-30,0.6421272158622742
2005-12-31,0.6629652976989746
2006-01-01,0.6560309529304504
2006-01-02,0.6417381763458252
2006-01-03,0.5658285021781921
2006-01-04,0.6145155429840088
2006-01-05,0.7192688584327698
2006-01-06,0.7956144213676452
2006-01-07,0.7295548915863037
2006-01-08,0.6381739377975464
2006-01-09,0.6930149793624878
2006-01-10,0.775816738605499
2006-01-11,0.6866250634193422
2006-01-12,0.6363060474395752
2006-01-13,0.6807844042778015
2006-01-14,0.6137722730636596
2006-01-15,0.5607774853706361
2006-01-16,0.631305456161499
2006-01-17,0.7042384147644042
2006-01-18,0.6612125039100648
2006-01-19,0.6435291767120361
2006-01-20,0.6353429555892943
2006-01-21,0.6450966000556946
2006-01-22,0.6586426496505737
2006-01-23,0.7410812377929688
2006-01-24,0.791782557964325
2006-01-25,0.7257567644119263
2006-01-26,0.6480984091758728
2006-01-27,0.6207875609397888
2006-01-28,0.65321284532547
2006-01-29,0.6761095523834229
2006-01-30,0.7738172411918641
2006-01-31,0.7037283778190612
2006-02-01,0.7282848954200744
2006-02-02,0.7647640109062195
2006-02-03,0.764448642730713
2006-02-04,0.7603139877319336
2006-02-05,0.6914324760437012
2006-02-06,0.7334081530570982
2006-02-07,0.8249556422233582
2006-02-08,0.7924460172653198
2006-02-09,0.6795404553413391
2006-02-10,0.6668837666511537
2006-02-11,0.7357192039489746
2006-02-12,0.8125087618827821
2006-02-13,0.7156735658645629
2006-02-14,0.583917498588562
2006-02-15,0.5286737084388733
2006-02-16,0.5175076127052307
2006-02-17,0.37426111102104187
2006-02-18,0.4151831269264221
2006-02-19,0.5442606806755066
2006-02-20,0.5364817380905151
2006-02-21,0.634177029132843
2006-02-22,0.6921756267547609
2006-02-23,0.6658136844635009
2006-02-24,0.5823659300804137
2006-02-25,0.5962477922439575
2006-02-26,0.760666310787201
2006-02-27,0.9098140597343444
2006-02-28,0.8151703476905823
2006-03-01,0.8075615167617798
2006-03-02,0.9094166755676268
2006-03-03,0.8720356822013856
2006-03-04,0.9431619048118592
2006-03-05,0.8790106773376463
2006-03-06,1.0261957645416258
2006-03-07,0.8835539817810057
2006-03-08,0.7509937882423401
2006-03-09,0.6862569451332092
2006-03-10,0.703675389289856
2006-03-11,0.7467221617698669
2006-03-12,0.7769859433174132
2006-03-13,0.8139148354530334
2006-03-14,0.8957474827766418
2006-03-15,0.8283330202102661
2006-03-16,0.8606870770454406
2006-03-17,0.8886070847511292
2006-03-18,0.7996962070465088
2006-03-19,0.8390606641769409
2006-03-20,0.9942920207977296
2006-03-21,0.9850293993949888
2006-03-22,1.0611430406570435
2006-03-23,1.165528893470764
2006-03-24,1.10332190990448
2006-03-25,0.9959794878959654
2006-03-26,0.8760586380958556
2006-03-27,1.015738844871521
2006-03-28,1.1657065153121948
2006-03-29,1.0910581350326538
2006-03-30,1.1070759296417236
2006-03-31,1.2332384586334229
2006-04-01,1.0070198774337769
2006-04-02,1.0315394401550293
2006-04-03,1.2123994827270508
2006-04-04,1.2541053295135498
2006-04-05,1.2799168825149538
2006-04-06,1.1604171991348264
2006-04-07,1.2405221462249756
2006-04-08,1.2494796514511106
2006-04-09,1.1762675046920776
2006-04-10,1.1981801986694338
2006-04-11,1.2632622718811035
2006-04-12,1.1880241632461548
2006-04-13,1.1747833490371704
2006-04-14,1.0635175704956057
2006-04-15,0.9978669881820678
2006-04-16,1.060726046562195
2006-04-17,1.1114925146102903
2006-04-18,1.234547138214111
2006-04-19,1.5355041027069092
2006-04-20,1.6799687147140503
2006-04-21,1.1744965314865112
2006-04-22,1.2048830986022947
2006-04-23,1.605482220649719
2006-04-24,1.7030264139175417
2006-04-25,1.6890690326690672
2006-04-26,1.3873294591903689
2006-04-27,1.5790774822235107
2006-04-28,1.992365837097168
2006-04-29,1.5541447401046753
2006-04-30,1.1990767717361448
2006-05-01,1.1194336414337158
2006-05-02,1.2337485551834106
2006-05-03,1.5422273874282835
2006-05-04,1.7614598274230957
2006-05-05,1.8408474922180171
2006-05-06,1.3779218196868894
2006-05-07,1.2620304822921753
2006-05-08,1.2022221088409424
2006-05-09,1.3350628614425661
2006-05-10,1.7019622325897217
2006-05-11,1.6177951097488403
2006-05-12,1.3281700611114502
2006-05-13,1.4985537528991697
2006-05-14,2.0511066913604736
2006-05-15,2.647928237915039
2006-05-16,2.8309271335601807
2006-05-17,2.781747579574585
2006-05-18,2.561046838760376
2006-05-19,2.374606847763061
2006-05-20,1.875795006752014
2006-05-21,1.9235057830810545
2006-05-22,1.6834487915039065
2006-05-23,1.6744042634963987
2006-05-24,1.7897582054138184
2006-05-25,1.6295602321624756
2006-05-26,1.5558822154998782
2006-05-27,1.549445390701294
2006-05-28,1.617905378341675
2006-05-29,1.6225390434265137
2006-05-30,2.018691062927246
2006-05-31,2.4966068267822266
2006-06-01,2.431113004684448
2006-06-02,2.1971719264984126
2006-06-03,2.100886106491089
2006-06-04,2.1456406116485596
2006-06-05,2.2823438644409175
2006-06-06,2.2593555450439453
2006-06-07,2.08513855934143
2006-06-08,1.8047133684158323
2006-06-09,1.7917383909225466
2006-06-10,2.0144217014312744
2006-06-11,2.4019517898559566
2006-06-12,2.554959535598755
2006-06-13,2.121495485305786
2006-06-14,1.9359046220779417
2006-06-15,1.9188013076782224
2006-06-16,2.0320920944213867
2006-06-17,1.8933937549591064
2006-06-18,1.9207264184951784
2006-06-19,1.8760372400283811
2006-06-20,1.9455413818359373
2006-06-21,1.8884683847427368
2006-06-22,2.0223417282104488
2006-06-23,2.2470874786376958
2006-06-24,2.8296916484832764
2006-06-25,3.681837081909181
2006-06-26,3.996407032012939
2006-06-27,3.2906410694122314
2006-06-28,2.5504641532897954
2006-06-29,2.581942558288574
2006-06-30,2.997637033462524
2006-07-01,3.0257630348205566
2006-07-02,3.051341056823731
2006-07-03,3.0168128013610844
2006-07-04,2.808817148208618
2006-07-05,2.165001153945923
2006-07-06,1.8144339323043823
2006-07-07,2.165292739868164
2006-07-08,2.781984806060791
2006-07-09,2.986304044723511
2006-07-10,2.2754831314086914
2006-07-11,2.184337854385376
2006-07-12,2.0116000175476074
2006-07-13,2.154359579086304
2006-07-14,2.40264344215393
2006-07-15,2.2613818645477295
2006-07-16,2.3538658618927
2006-07-17,2.124630689620972
2006-07-18,1.9958659410476685
2006-07-19,2.1543986797332764
2006-07-20,2.7083353996276847
2006-07-21,3.9354844093322754
2006-07-22,4.1742191314697275
2006-07-23,3.791483402252197
2006-07-24,3.3687202930450435
2006-07-25,2.792880773544312
2006-07-26,2.69111704826355
2006-07-27,2.67449164390564
2006-07-28,2.1412484645843506
2006-07-29,1.7911466360092163
2006-07-30,1.6074407100677492
2006-07-31,1.704816222190857
2006-08-01,1.8165206909179688
2006-08-02,1.9044647216796875
2006-08-03,1.954523682594299
2006-08-04,1.968205690383911
2006-08-05,2.2396273612976074
2006-08-06,2.514986038208008
2006-08-07,2.609003067016601
2006-08-08,2.1967613697052
2006-08-09,2.0141024589538574
2006-08-10,1.7768584489822388
2006-08-11,1.6778149604797363
2006-08-12,1.773827314376831
2006-08-13,2.085954427719116
2006-08-14,2.2855186462402344
2006-08-15,1.8506197929382324
2006-08-16,1.5943859815597532
2006-08-17,1.7905751466751099
2006-08-18,2.1665830612182617
2006-08-19,2.3588383197784424
2006-08-20,2.39794921875
2006-08-21,2.2007524967193604
2006-08-22,1.7963682413101196
2006-08-23,1.5484801530838015
2006-08-24,1.4274208545684817
2006-08-25,1.7213227748870847
2006-08-26,2.115928888320923
2006-08-27,2.332125663757324
2006-08-28,2.284352779388428
2006-08-29,1.453914761543274
2006-08-30,1.2815257310867307
2006-08-31,1.4690111875534053
2006-09-01,1.851343870162964
2006-09-02,2.3998811244964604
2006-09-03,2.557554483413696
2006-09-04,2.201338529586792
2006-09-05,2.018702268600464
2006-09-06,1.9722687005996704
2006-09-07,1.7769429683685303
2006-09-08,1.655024766921997
2006-09-09,1.3347213268280027
2006-09-10,1.4840368032455444
2006-09-11,1.7287683486938477
2006-09-12,1.694748640060425
2006-09-13,1.2849631309509275
2006-09-14,1.053443431854248
2006-09-15,1.039617657661438
2006-09-16,1.1244975328445435
2006-09-17,1.2246953248977661
2006-09-18,1.3144550323486328
2006-09-19,1.1992268562316895
2006-09-20,1.1553390026092527
2006-09-21,1.1300264596939087
2006-09-22,1.2083921432495115
2006-09-23,1.479934215545654
2006-09-24,1.7234627008438108
2006-09-25,1.884293794631958
2006-09-26,1.9143406152725215
2006-09-27,2.04040789604187
2006-09-28,1.891597270965576
2006-09-29,1.7826502323150633
2006-09-30,1.4056953191757202
2006-10-01,1.1626567840576174
2006-10-02,1.1249070167541506
2006-10-03,1.122791886329651
2006-10-04,1.3221042156219482
2006-10-05,1.3114655017852783
2006-10-06,1.1333991289138792
2006-10-07,0.9980537891387942
2006-10-08,1.0340592861175537
2006-10-09,1.1106050014495847
2006-10-10,1.2251707315444946
2006-10-11,1.360297918319702
2006-10-12,1.4635550975799558
2006-10-13,1.3584924936294556
2006-10-14,1.2450047731399536
2006-10-15,0.9921898841857908
2006-10-16,0.9500694870948792
2006-10-17,0.9959887862205504
2006-10-18,0.9994876980781556
2006-10-19,1.0934929847717283
2006-10-20,1.0179088115692136
2006-10-21,1.0737260580062866
2006-10-22,1.0761139392852783
2006-10-23,1.020037293434143
2006-10-24,0.8482972383499146
2006-10-25,0.83715683221817
2006-10-26,0.9289158582687378
2006-10-27,1.0195597410202024
2006-10-28,1.0042644739151
2006-10-29,0.8235870599746703
2006-10-30,0.5831742882728577
2006-10-31,0.5782275199890136
2006-11-01,0.6427478790283203
2006-11-02,0.7453747391700744
2006-11-03,0.9174068570137026
2006-11-04,1.0696996450424194
2006-11-05,1.1173617839813232
2006-11-06,1.2699609994888303
2006-11-07,1.1150104999542236
2006-11-08,0.8683960437774657
2006-11-09,0.7649174332618714
2006-11-10,0.7363826036453247
2006-11-11,0.7140096426010132
2006-11-12,0.7520971298217773
2006-11-13,0.7393823862075805
2006-11-14,0.6819580793380737
2006-11-15,0.8034338355064392
2006-11-16,0.7317194938659668
2006-11-17,0.685204803943634
2006-11-18,0.7227010726928712
2006-11-19,0.789901554584503
2006-11-20,0.7696619033813475
2006-11-21,0.7283353805541992
2006-11-22,0.6473962664604187
2006-11-23,0.61252760887146
2006-11-24,0.5872514247894287
2006-11-25,0.5386672616004944
2006-11-26,0.523226261138916
2006-11-27,0.4472468197345734
2006-11-28,0.3368213474750519
2006-11-29,0.3114555776119232
2006-11-30,0.4451951086521149
2006-12-01,0.5006408095359802
2006-12-02,0.4555800259113312
2006-12-03,0.5170247554779053
2006-12-04,0.6042394638061523
2006-12-05,0.6617946028709412
2006-12-06,0.7143239974975585
2006-12-07,0.7002946138381958
2006-12-08,0.7011361122131348
2006-12-09,0.6727312207221985
2006-12-10,0.673575758934021
2006-12-11,0.7101287245750427
2006-12-12,0.6643823981285096
2006-12-13,0.7163863778114319
2006-12-14,0.6827911138534546
2006-12-15,0.6125590801239013
2006-12-16,0.4513422846794128
2006-12-17,0.44717815518379206
2006-12-18,0.45353102684021
2006-12-19,0.5540488958358765
2006-12-20,0.531495988368988
2006-12-21,0.5772297978401184
2006-12-22,0.5645851492881775
2006-12-23,0.5545371174812317
2006-12-24,0.5774890780448914
2006-12-25,0.624552309513092
2006-12-26,0.5905721187591553
2006-12-27,0.5271426439285279
2006-12-28,0.4394201934337616
2006-12-29,0.4953290224075316
2006-12-30,0.5111755728721619
2006-12-31,0.5434669852256775
2007-01-01,0.6153913140296936
2007-01-02,0.8276463747024536
2007-01-03,0.6796386241912842
2007-01-04,0.5324789881706238
2007-01-05,0.5167701840400696
2007-01-06,0.5633401274681091
2007-01-07,0.6454479098320008
2007-01-08,0.6567709445953368
2007-01-09,0.6486667990684508
2007-01-10,0.4515567719936371
2007-01-11,0.3457659184932709
2007-01-12,0.3221911191940308
2007-01-13,0.3342001736164093
2007-01-14,0.3424358367919922
2007-01-15,0.356524795293808
2007-01-16,0.41583788394927973
2007-01-17,0.4852052927017212
2007-01-18,0.5330113172531128
2007-01-19,0.6018211841583252
2007-01-20,0.5559030175209044
2007-01-21,0.5791282057762145
2007-01-22,0.6791530251502991
2007-01-23,0.7987174987792968
2007-01-24,0.7944167852401733
2007-01-25,0.7153107523918152
2007-01-26,0.717719554901123
2007-01-27,0.6579465866088868
2007-01-28,0.6659039855003356
2007-01-29,0.6521183848381042
2007-01-30,0.6116181015968323
2007-01-31,0.5943956971168518
2007-02-01,0.5910913348197937
2007-02-02,0.6531502008438111
2007-02-03,0.6393935084342957
2007-02-04,0.8325435519218445
2007-02-05,0.9679464697837826
2007-02-06,0.9113060832023618
2007-02-07,0.8307774662971495
2007-02-08,0.8247987627983092
2007-02-09,0.8043770790100097
2007-02-10,0.8172315955162048
2007-02-11,0.8427726030349731
2007-02-12,0.859920263290405
2007-02-13,0.7791857123374939
2007-02-14,0.7796674370765686
2007-02-15,0.9065396785736084
2007-02-16,0.9206265211105346
2007-02-17,0.9863151311874389
2007-02-18,0.8073034882545471
2007-02-19,0.8132603764533997
2007-02-20,0.7321976423263549
2007-02-21,0.7124112844467163
2007-02-22,0.7293325662612915
2007-02-23,0.6522786021232604
2007-02-24,0.6489790081977844
2007-02-25,0.7559122443199155
2007-02-26,0.6917457580566406
2007-02-27,0.6596774458885193
2007-02-28,0.6274383068084717
2007-03-01,0.5451183915138244
2007-03-02,0.5827223658561707
2007-03-03,0.8607656359672545
2007-03-04,0.9765297174453736
2007-03-05,1.0954324007034302
2007-03-06,1.2185875177383425
2007-03-07,1.0939046144485471
2007-03-08,0.911206007003784
2007-03-09,0.9706428050994872
2007-03-10,1.080307364463806
2007-03-11,1.332605004310608
2007-03-12,1.1451923847198489
2007-03-13,0.8583872318267822
2007-03-14,0.7803380489349364
2007-03-15,0.806045889854431
2007-03-16,1.1730064153671267
2007-03-17,1.308616876602173
2007-03-18,1.2580820322036743
2007-03-19,1.1191482543945312
2007-03-20,0.8801101446151732
2007-03-21,0.8025317788124083
2007-03-22,0.9998549222946168
2007-03-23,1.1283183097839358
2007-03-24,1.2002397775650024
2007-03-25,1.0361864566802979
2007-03-26,1.0411968231201172
2007-03-27,1.0123473405838015
2007-03-28,0.9388467669487
2007-03-29,1.135443925857544
2007-03-30,1.3234893083572388
2007-03-31,1.0592601299285889
2007-04-01,0.8469735383987425
2007-04-02,0.8519735336303712
2007-04-03,0.935338616371155
2007-04-04,1.1200681924819944
2007-04-05,1.4164636135101318
2007-04-06,1.762844800949097
2007-04-07,1.6533231735229492
2007-04-08,1.441577076911926
2007-04-09,1.1268781423568723
2007-04-10,1.0410354137420654
2007-04-11,1.0819308757781982
2007-04-12,1.1920491456985471
2007-04-13,1.1566474437713623
2007-04-14,1.2129800319671633
2007-04-15,1.1596431732177737
2007-04-16,1.1489800214767456
2007-04-17,1.1659761667251587
2007-04-18,1.117843747138977
2007-04-19,1.1357481479644775
2007-04-20,1.1437679529190063
2007-04-21,1.2340837717056274
2007-04-22,1.3568614721298216
2007-04-23,1.4546911716461182
2007-04-24,1.3623992204666135
2007-04-25,1.2234157323837282
2007-04-26,1.3116023540496824
2007-04-27,1.4624602794647217
2007-04-28,1.4594156742095947
2007-04-29,1.3538203239440916
2007-04-30,1.4498616456985471
2007-05-01,1.4139487743377683
2007-05-02,1.3455512523651123
2007-05-03,1.264676570892334
2007-05-04,1.249652862548828
2007-05-05,1.2818926572799683
2007-05-06,1.4371507167816162
2007-05-07,1.9494110345840452
2007-05-08,2.031726360321045
2007-05-09,1.6213082075119016
2007-05-10,1.6108505725860596
2007-05-11,1.6832398176193235
2007-05-12,1.5577304363250735
2007-05-13,1.28340208530426
2007-05-14,1.6379833221435547
2007-05-15,2.2216775417327876
2007-05-16,1.9583297967910769
2007-05-17,1.7050780057907102
2007-05-18,1.75529408454895
2007-05-19,1.5827525854110718
2007-05-20,1.4438512325286863
2007-05-21,1.3377554416656494
2007-05-22,1.5641329288482664
2007-05-23,1.741108536720276
2007-05-24,1.9532684087753291
2007-05-25,2.172909736633301
2007-05-26,2.2137467861175537
2007-05-27,1.5959184169769287
2007-05-28,1.551492094993591
2007-05-29,2.0365872383117676
2007-05-30,2.7706699371337886
2007-05-31,2.8279421329498287
2007-06-01,2.6793017387390137
2007-06-02,2.792868137359619
2007-06-03,3.066494941711426
2007-06-04,2.54376220703125
2007-06-05,1.7598239183425903
2007-06-06,1.4798723459243774
2007-06-07,1.615711450576782
2007-06-08,1.80827271938324
2007-06-09,1.8289468288421633
2007-06-10,1.751633286476135
2007-06-11,1.6461083889007568
2007-06-12,1.9060904979705808
2007-06-13,1.8802146911621092
2007-06-14,1.877549648284912
2007-06-15,1.877761483192444
2007-06-16,1.8072508573532104
2007-06-17,1.7317808866500854
2007-06-18,1.7641811370849607
2007-06-19,2.2207217216491695
2007-06-20,2.7006311416625977
2007-06-21,2.388094425201416
2007-06-22,2.056870937347412
2007-06-23,1.8539918661117556
2007-06-24,1.7376879453659055
2007-06-25,1.8108607530593872
2007-06-26,2.432254314422608
2007-06-27,2.4958372116088867
2007-06-28,2.488780975341797
2007-06-29,2.1207797527313232
2007-06-30,2.105039834976196
2007-07-01,2.4174647331237793
2007-07-02,2.5827288627624507
2007-07-03,2.769299507141113
2007-07-04,3.190417528152466
2007-07-05,3.1631171703338623
2007-07-06,2.670645475387573
2007-07-07,2.4667694568634038
2007-07-08,2.522174596786499
2007-07-09,2.6210348606109615
2007-07-10,3.500922441482544
2007-07-11,4.02727174758911
2007-07-12,3.4052278995513916
2007-07-13,2.7376270294189458
2007-07-14,2.893174409866333
2007-07-15,2.8240118026733403
2007-07-16,2.6062209606170654
2007-07-17,2.46886134147644
2007-07-18,2.2646594047546382
2007-07-19,2.1275923252105713
2007-07-20,2.0695950984954834
2007-07-21,2.2561817169189453
2007-07-22,2.4701175689697266
2007-07-23,2.4070253372192383
2007-07-24,2.0136790275573726
2007-07-25,2.259613275527954
2007-07-26,2.405093908309936
2007-07-27,2.4123370647430415
2007-07-28,2.393339157104492
2007-07-29,2.078470230102539
2007-07-30,1.8915030956268313
2007-07-31,2.12666654586792
2007-08-01,2.5708208084106445
2007-08-02,2.5917050838470455
2007-08-03,2.145064115524292
2007-08-04,1.956609129905701
2007-08-05,2.238984107971192
2007-08-06,2.1808223724365234
2007-08-07,1.7970249652862547
2007-08-08,1.78804612159729
2007-08-09,1.7999454736709595
2007-08-10,1.7175588607788084
2007-08-11,1.8718622922897337
2007-08-12,1.7467890977859495
2007-08-13,1.9563499689102168
2007-08-14,2.369204044342041
2007-08-15,2.6405217647552486
2007-08-16,2.0461111068725586
2007-08-17,1.8132276535034175
2007-08-18,1.776852369308472
2007-08-19,1.5396984815597532
2007-08-20,1.579017162322998
2007-08-21,1.87250816822052
2007-08-22,1.9020860195159912
2007-08-23,1.9694849252700803
2007-08-24,2.100489854812622
2007-08-25,1.8148424625396733
2007-08-26,1.5575127601623535
2007-08-27,1.553334593772888
2007-08-28,1.825015425682068
2007-08-29,2.392589807510376
2007-08-30,2.4263250827789307
2007-08-31,1.8211497068405151
2007-09-01,1.7906582355499265
2007-09-02,1.959250330924988
2007-09-03,2.035906791687012
2007-09-04,1.8329125642776487
2007-09-05,1.7496312856674197
2007-09-06,1.6967785358428955
2007-09-07,1.5195217132568357
2007-09-08,1.6158554553985598
2007-09-09,1.8123102188110352
2007-09-10,2.1243491172790527
2007-09-11,2.2754123210906982
2007-09-12,1.9192469120025637
2007-09-13,1.912993669509888
2007-09-14,1.4928959608078003
2007-09-15,1.4487388134002686
2007-09-16,1.2896989583969116
2007-09-17,1.239904284477234
2007-09-18,1.1246426105499265
2007-09-19,1.1788437366485596
2007-09-20,1.144294261932373
2007-09-21,1.2693161964416506
2007-09-22,1.1581603288650513
2007-09-23,1.080931544303894
2007-09-24,1.1559889316558836
2007-09-25,1.1348917484283447
2007-09-26,1.243279218673706
2007-09-27,1.3345525264739992
2007-09-28,0.9988449811935424
2007-09-29,0.9900808930397031
2007-09-30,1.0423239469528198
2007-10-01,1.0713666677474976
2007-10-02,1.1720235347747803
2007-10-03,1.0382094383239746
2007-10-04,0.9978215098381042
2007-10-05,0.960337817668915
2007-10-06,1.0505690574645996
2007-10-07,1.2099628448486328
2007-10-08,1.1208096742630005
2007-10-09,1.436790108680725
2007-10-10,1.2390588521957395
2007-10-11,1.0763322114944458
2007-10-12,1.1481351852416992
2007-10-13,1.1740853786468506
2007-10-14,1.3216021060943604
2007-10-15,1.2320832014083865
2007-10-16,0.9534092545509338
2007-10-17,0.8587526082992553
2007-10-18,0.958987057209015
2007-10-19,0.9674172401428222
2007-10-20,0.876521587371826
2007-10-21,0.9386461973190308
2007-10-22,1.1177265644073486
2007-10-23,1.4669585227966309
2007-10-24,1.1972893476486206
2007-10-25,0.8217625021934509
2007-10-26,0.8422451615333556
2007-10-27,0.9446054100990297
2007-10-28,1.0525816679000857
2007-10-29,0.8944903612136842
2007-10-30,0.7961135506629942
2007-10-31,0.8568137288093568
2007-11-01,0.7264508008956909
2007-11-02,0.761565029621124
2007-11-03,0.8900256156921384
2007-11-04,0.9071528911590576
2007-11-05,0.8900076746940611
2007-11-06,0.969113290309906
2007-11-07,0.9615477919578552
2007-11-08,1.0210069417953491
2007-11-09,0.9767675399780272
2007-11-10,0.813901662826538
2007-11-11,0.7255098223686218
2007-11-12,0.8376953601837158
2007-11-13,0.7182627320289612
2007-11-14,0.6649186015129089
2007-11-15,0.8172343373298644
2007-11-16,0.862258493900299
2007-11-17,0.8023627996444703
2007-11-18,0.676344096660614
2007-11-19,0.6302712559700012
2007-11-20,0.5959577560424805
2007-11-21,0.5512623190879822
2007-11-22,0.5436738729476929
2007-11-23,0.523302733898163
2007-11-24,0.5636044144630432
2007-11-25,0.5443429946899414
2007-11-26,0.5288892984390259
2007-11-27,0.5710759162902832
2007-11-28,0.5593924522399903
2007-11-29,0.5064274668693542
2007-11-30,0.463537573814392
2007-12-01,0.4134057462215424
2007-12-02,0.5250200033187866
2007-12-03,0.8051844239234925
2007-12-04,0.8713759183883667
2007-12-05,0.691118061542511
2007-12-06,0.5956103205680847
2007-12-07,0.5211035013198853
2007-12-08,0.4663480222225189
2007-12-09,0.4426473081111908
2007-12-10,0.4672553241252899
2007-12-11,0.4943711459636688
2007-12-12,0.5122264623641967
2007-12-13,0.5293163061141968
2007-12-14,0.542554259300232
2007-12-15,0.5568547248840332
2007-12-16,0.5623177289962769
2007-12-17,0.5261273384094239
2007-12-18,0.5677850246429443
2007-12-19,0.6226046681404114
2007-12-20,0.5418459773063661
2007-12-21,0.4947384297847748
2007-12-22,0.531647503376007
2007-12-23,0.6223280429840088
2007-12-24,0.5653234720230103
2007-12-25,0.4825477004051208
2007-12-26,0.4994715452194214
2007-12-27,0.4631024599075316
2007-12-28,0.5131387710571288
2007-12-29,0.540963113307953
2007-12-30,0.4997433125972748
2007-12-31,0.5060757398605347
2008-01-01,0.4947223961353302
2008-01-02,0.5159618258476256
2008-01-03,0.5617339611053467
2008-01-04,0.6590638160705568
2008-01-05,0.5877889394760132
2008-01-06,0.5132727622985839
2008-01-07,0.4723742604255676
2008-01-08,0.497221440076828
2008-01-09,0.5205820798873901
2008-01-10,0.5927014350891113
2008-01-11,0.6572388410568237
2008-01-12,0.6610642671585083
2008-01-13,0.6430434584617615
2008-01-14,0.6082655191421509
2008-01-15,0.4666421115398407
2008-01-16,0.4512574672698975
2008-01-17,0.479600727558136
2008-01-18,0.5112578868865967
2008-01-19,0.546190857887268
2008-01-20,0.4604776799678802
2008-01-21,0.3751955628395081
2008-01-22,0.4031345546245575
2008-01-23,0.414815366268158
2008-01-24,0.4219008982181549
2008-01-25,0.4570094645023346
2008-01-26,0.5043880939483641
2008-01-27,0.497422307729721
2008-01-28,0.4620039165019988
2008-01-29,0.5003266334533693
2008-01-30,0.5643618106842042
2008-01-31,0.6212305426597595
2008-02-01,0.5905425548553467
2008-02-02,0.5444996953010559
2008-02-03,0.5212410688400269
2008-02-04,0.5299507975578308
2008-02-05,0.6226354837417603
2008-02-06,0.6355835199356079
2008-02-07,0.6822006702423096
2008-02-08,0.7137323021888732
2008-02-09,0.7916736006736755
2008-02-10,0.7962865233421325
2008-02-11,0.7619604468345641
2008-02-12,0.7867425680160522
2008-02-13,0.6404625177383423
2008-02-14,0.6153577566146851
2008-02-15,0.738231062889099
2008-02-16,0.7115166783332824
2008-02-17,0.7462244629859923
2008-02-18,0.8598536252975462
2008-02-19,0.8803336024284362
2008-02-20,0.8993017077445984
2008-02-21,0.8545995354652403
2008-02-22,0.8907256126403807
2008-02-23,0.8748493790626524
2008-02-24,0.8872902393341064
2008-02-25,0.8985582590103149
2008-02-26,0.9135858416557312
2008-02-27,0.956726551055908
2008-02-28,1.0785669088363647
2008-02-29,1.0777469873428345
2008-03-01,0.8762141466140748
2008-03-02,0.7989743947982787
2008-03-03,0.796010911464691
2008-03-04,0.8059619069099425
2008-03-05,0.7906091809272767
2008-03-06,0.976330816745758
2008-03-07,0.9958009123802184
2008-03-08,0.93576580286026
2008-03-09,1.0317059755325313
2008-03-10,1.1386629343032837
2008-03-11,0.910106956958771
2008-03-12,0.833976924419403
2008-03-13,0.8475951552391053
2008-03-14,0.8787204027175903
2008-03-15,0.8606304526329039
2008-03-16,0.8275142312049866
2008-03-17,0.9008136987686156
2008-03-18,0.8772748112678528
2008-03-19,0.9061703085899352
2008-03-20,0.8818005919456484
2008-03-21,0.8155723810195923
2008-03-22,0.8620136976242067
2008-03-23,0.9077776074409484
2008-03-24,0.8369117975234985
2008-03-25,0.8177708387374879
2008-03-26,0.8384823203086853
2008-03-27,0.7592431902885437
2008-03-28,0.7230613827705382
2008-03-29,0.8210023045539855
2008-03-30,0.789204180240631
2008-03-31,0.8297480344772339
2008-04-01,0.8691267967224122
2008-04-02,0.900917649269104
2008-04-03,1.031226634979248
2008-04-04,0.9555372595787046
2008-04-05,0.9307716488838196
2008-04-06,1.0229971408843994
2008-04-07,0.990455448627472
2008-04-08,0.9376932978630066
2008-04-09,0.9634218215942386
2008-04-10,1.0559140443801882
2008-04-11,1.241620898246765
2008-04-12,1.609921097755432
2008-04-13,1.541776657104492
2008-04-14,1.0619159936904907
2008-04-15,0.900943636894226
2008-04-16,1.0894759893417358
2008-04-17,1.1694971323013303
2008-04-18,0.9077460169792176
2008-04-19,0.8841603398323059
2008-04-20,0.9118521213531494
2008-04-21,0.9674946069717408
2008-04-22,0.9947143197059632
2008-04-23,1.208359122276306
2008-04-24,1.0950673818588257
2008-04-25,1.1524757146835327
2008-04-26,1.296620726585388
2008-04-27,1.7086900472640993
2008-04-28,1.452235221862793
2008-04-29,1.204323649406433
2008-04-30,1.1421409845352173
2008-05-01,1.2198495864868162
2008-05-02,1.4170289039611816
2008-05-03,1.363254189491272
2008-05-04,1.583037257194519
2008-05-05,1.7263474464416506
2008-05-06,1.446591019630432
2008-05-07,1.2220325469970703
2008-05-08,1.1849101781845093
2008-05-09,1.3679025173187256
2008-05-10,1.426352620124817
2008-05-11,1.248594045639038
2008-05-12,1.2399549484252927
2008-05-13,1.3787975311279297
2008-05-14,1.6605970859527588
2008-05-15,2.143328905105591
2008-05-16,2.6195247173309326
2008-05-17,2.9258148670196533
2008-05-18,2.545754909515381
2008-05-19,2.329824209213257
2008-05-20,1.7145326137542722
2008-05-21,1.4041461944580078
2008-05-22,1.3430900573730469
2008-05-23,1.5638791322708125
2008-05-24,2.1055002212524414
2008-05-25,2.155742883682251
2008-05-26,2.054065465927124
2008-05-27,2.1351368427276607
2008-05-28,2.0587973594665527
2008-05-29,1.6082725524902344
2008-05-30,1.7049318552017214
2008-05-31,1.8617039918899536
2008-06-01,1.544483304023743
2008-06-02,1.5236278772354124
2008-06-03,1.535349607467651
2008-06-04,1.4508351087570188
2008-06-05,1.49369740486145
2008-06-06,1.4233235120773313
2008-06-07,1.4642378091812132
2008-06-08,1.6659702062606812
2008-06-09,1.534745931625366
2008-06-10,1.428961992263794
2008-06-11,1.4312664270401
2008-06-12,1.7270469665527344
2008-06-13,1.8688292503356931
2008-06-14,1.8141417503356931
2008-06-15,1.9063071012496948
2008-06-16,2.0283274650573726
2008-06-17,1.706732988357544
2008-06-18,1.6846541166305538
2008-06-19,1.964940905570984
2008-06-20,2.617599248886109
2008-06-21,2.4693591594696045
2008-06-22,2.0188982486724854
2008-06-23,1.9084379673004157
2008-06-24,1.9241214990615845
2008-06-25,2.079708814620972
2008-06-26,1.896962404251098
2008-06-27,2.3410789966583248
2008-06-28,3.266913175582886
2008-06-29,3.655439853668213
2008-06-30,3.319664716720581
2008-07-01,2.8770937919616695
2008-07-02,3.1001052856445312
2008-07-03,2.570509672164917
2008-07-04,2.212770462036133
2008-07-05,2.1828086376190186
2008-07-06,1.907412886619568
2008-07-07,2.231098890304565
2008-07-08,2.5562896728515625
2008-07-09,2.731505155563354
2008-07-10,2.062329053878784
2008-07-11,2.2401015758514404
2008-07-12,2.787737369537353
2008-07-13,2.868114233016968
2008-07-14,2.6438236236572266
2008-07-15,2.688136339187622
2008-07-16,2.501089572906494
2008-07-17,2.270537137985229
2008-07-18,1.9977636337280276
2008-07-19,2.095285654067993
2008-07-20,2.331142425537109
2008-07-21,2.390714883804321
2008-07-22,1.854795217514038
2008-07-23,1.57775068283081
2008-07-24,2.12541937828064
2008-07-25,2.2152342796325684
2008-07-26,2.1116549968719482
2008-07-27,1.9551919698715208
2008-07-28,2.030873537063598
2008-07-29,1.8966078758239744
2008-07-30,1.6172316074371333
2008-07-31,1.83843731880188
2008-08-01,1.84887957572937
2008-08-02,1.6827006340026853
2008-08-03,1.839508295059204
2008-08-04,2.4317448139190674
2008-08-05,2.9645805358886714
2008-08-06,3.0819437503814697
2008-08-07,2.7737641334533687
2008-08-08,2.2856981754302974
2008-08-09,1.875532269477844
2008-08-10,1.7099790573120115
2008-08-11,1.9968380928039553
2008-08-12,2.216055154800415
2008-08-13,2.282150745391846
2008-08-14,2.8613696098327646
2008-08-15,3.326248168945313
2008-08-16,3.3769168853759766
2008-08-17,3.1508190631866446
2008-08-18,2.2917075157165527
2008-08-19,1.860866904258728
2008-08-20,1.8015340566635132
2008-08-21,1.5642302036285403
2008-08-22,1.8383256196975708
2008-08-23,2.321666240692138
2008-08-24,2.243959903717041
2008-08-25,1.6232830286026
2008-08-26,1.6247605085372927
2008-08-27,1.5945392847061155
2008-08-28,1.7965648174285889
2008-08-29,1.8794909715652464
2008-08-30,1.5170792341232302
2008-08-31,1.3575475215911863
2008-09-01,1.4365777969360354
2008-09-02,1.5575931072235107
2008-09-03,1.6023154258728027
2008-09-04,1.6736953258514404
2008-09-05,1.7029674053192139
2008-09-06,1.8780949115753167
2008-09-07,2.048731565475464
2008-09-08,2.043755531311035
2008-09-09,1.8479034900665283
2008-09-10,1.7580633163452148
2008-09-11,2.040658950805664
2008-09-12,1.8783992528915403
2008-09-13,1.845131516456604
2008-09-14,2.0242273807525635
2008-09-15,2.2362847328186035
2008-09-16,2.4363672733306885
2008-09-17,2.323639154434204
2008-09-18,1.70708692073822
2008-09-19,1.5250242948532102
2008-09-20,1.2999165058135984
2008-09-21,1.2568717002868655
2008-09-22,1.1197203397750854
2008-09-23,1.1324191093444824
2008-09-24,1.3868999481201172
2008-09-25,1.3764840364456177
2008-09-26,1.3826218843460083
2008-09-27,1.458972215652466
2008-09-28,1.5816804170608518
2008-09-29,1.870690941810608
2008-09-30,2.081467866897583
2008-10-01,1.9961868524551392
2008-10-02,1.595926523208618
2008-10-03,1.3748537302017214
2008-10-04,1.2583359479904177
2008-10-05,1.0984934568405151
2008-10-06,1.2009161710739136
2008-10-07,1.1501170396804807
2008-10-08,0.969708502292633
2008-10-09,0.8542022705078125
2008-10-10,0.8732784390449524
2008-10-11,0.8929930329322816
2008-10-12,0.957449734210968
2008-10-13,1.1008781194686887
2008-10-14,0.9672917723655698
2008-10-15,0.9245350956916808
2008-10-16,0.9968730211257933
2008-10-17,1.356611251831055
2008-10-18,1.0771348476409912
2008-10-19,0.9587095379829408
2008-10-20,0.9157133102416992
2008-10-21,0.8651628494262694
2008-10-22,1.000895857810974
2008-10-23,0.9607577323913574
2008-10-24,0.8443478345870971
2008-10-25,0.8927260041236877
2008-10-26,0.9871704578399658
2008-10-27,1.1774109601974487
2008-10-28,1.1328990459442139
2008-10-29,1.0751900672912595
2008-10-30,1.1422820091247559
2008-10-31,1.1228930950164795
2008-11-01,1.09075129032135
2008-11-02,0.985098361968994
2008-11-03,0.8608888387680051
2008-11-04,0.779840350151062
2008-11-05,0.7127760648727416
2008-11-06,0.9083181619644162
2008-11-07,1.0426713228225708
2008-11-08,0.9725562930107118
2008-11-09,0.9386042952537536
2008-11-10,0.8523580431938171
2008-11-11,0.8802832365036009
2008-11-12,1.061901807785034
2008-11-13,0.8191708326339722
2008-11-14,0.773490309715271
2008-11-15,1.006273865699768
2008-11-16,1.0635372400283811
2008-11-17,1.0369738340377808
2008-11-18,0.8177425861358641
2008-11-19,0.7995195984840394
2008-11-20,0.7815271019935608
2008-11-21,0.7016401290893554
2008-11-22,0.6568173170089722
2008-11-23,0.639836311340332
2008-11-24,0.6663356423377992
2008-11-25,0.677918016910553
2008-11-26,0.6376288533210753
2008-11-27,0.6648296117782593
2008-11-28,0.7523369789123534
2008-11-29,0.910710871219635
2008-11-30,1.0006911754608154
2008-12-01,0.9442277550697326
2008-12-02,0.8024226427078246
2008-12-03,0.6712942123413085
2008-12-04,0.6048484444618225
2008-12-05,0.7118318676948547
2008-12-06,0.741861343383789
2008-12-07,0.6885857582092285
2008-12-08,0.6280307173728943
2008-12-09,0.622871458530426
2008-12-10,0.6959347128868104
2008-12-11,0.6556616425514221
2008-12-12,0.5943386554718016
2008-12-13,0.4507133364677428
2008-12-14,0.2914502918720245
2008-12-15,0.2564201653003693
2008-12-16,0.2846060395240784
2008-12-17,0.36209142208099365
2008-12-18,0.31737276911735535
2008-12-19,0.26645603775978083
2008-12-20,0.21867164969444275
2008-12-21,0.2605164647102356
2008-12-22,0.325562447309494
2008-12-23,0.3417889177799225
2008-12-24,0.3402764201164246
2008-12-25,0.3924721777439117
2008-12-26,0.42276158928871155
2008-12-27,0.5341473817825317
2008-12-28,0.5572487711906433
2008-12-29,0.5248995423316956
2008-12-30,0.5141677260398865
2008-12-31,0.5188282728195192
2009-01-01,0.5763951539993286
2009-01-02,0.4603837132453919
2009-01-03,0.4299868047237396
2009-01-04,0.40765234827995295
2009-01-05,0.5388942360877991
2009-01-06,0.694209635257721
2009-01-07,0.8121367692947387
2009-01-08,0.668874442577362
2009-01-09,0.521626353263855
2009-01-10,0.5737250447273256
2009-01-11,0.6917495131492616
2009-01-12,0.7284531593322755
2009-01-13,0.6668838262557983
2009-01-14,0.7607495188713074
2009-01-15,0.8059595227241517
2009-01-16,0.8221639990806578
2009-01-17,0.80133455991745
2009-01-18,0.7596695423126221
2009-01-19,0.8211199045181274
2009-01-20,0.7125852108001709
2009-01-21,0.6276234388351439
2009-01-22,0.6529850363731384
2009-01-23,0.5673420429229736
2009-01-24,0.5183507800102234
2009-01-25,0.4187743067741394
2009-01-26,0.39864805340766907
2009-01-27,0.5004821419715881
2009-01-28,0.5856120586395264
2009-01-29,0.6356199383735657
2009-01-30,0.6924694776535034
2009-01-31,0.5928640961647034
2009-02-01,0.600980818271637
2009-02-02,0.7790256738662719
2009-02-03,0.8655095100402831
2009-02-04,0.987933039665222
2009-02-05,0.8494600653648376
2009-02-06,0.7438496351242067
2009-02-07,0.6747983694076538
2009-02-08,0.6661686897277832
2009-02-09,0.588765561580658
2009-02-10,0.4869637787342072
2009-02-11,0.5754755139350892
2009-02-12,0.5231063961982727
2009-02-13,0.5809684991836548
2009-02-14,0.6478503346443176
2009-02-15,0.6234384179115297
2009-02-16,0.678205668926239
2009-02-17,0.768578290939331
2009-02-18,0.7546079158782961
2009-02-19,0.8410811424255372
2009-02-20,0.8278620243072509
2009-02-21,0.8155023455619812
2009-02-22,0.9180142879486086
2009-02-23,0.8820799589157104
2009-02-24,0.8449839353561402
2009-02-25,0.7615746259689331
2009-02-26,0.5546172857284545
2009-02-27,0.5790271162986755
2009-02-28,0.687809944152832
2009-03-01,0.8771634697914124
2009-03-02,0.9990483522415162
2009-03-03,0.9480777978897094
2009-03-04,0.8716411590576173
2009-03-05,0.6884596943855286
2009-03-06,0.6055129170417786
2009-03-07,0.6318371891975402
2009-03-08,0.6032180190086364
2009-03-09,0.5562005043029784
2009-03-10,0.5171287059783936
2009-03-11,0.5504075884819031
2009-03-12,0.66106915473938
2009-03-13,0.8116704225540161
2009-03-14,0.7860305905342103
2009-03-15,0.7597586512565613
2009-03-16,0.7754629850387572
2009-03-17,0.8099734187126157
2009-03-18,0.8850125670433043
2009-03-19,0.9894806146621704
2009-03-20,0.978409945964813
2009-03-21,0.9117161631584167
2009-03-22,0.8546954393386842
2009-03-23,0.8139165639877318
2009-03-24,0.8958520889282225
2009-03-25,0.8463475108146667
2009-03-26,0.8248733282089235
2009-03-27,0.9414409995079042
2009-03-28,0.8471320271492004
2009-03-29,0.7963183522224425
2009-03-30,0.8134014010429382
2009-03-31,0.8723263740539551
2009-04-01,0.8381585478782653
2009-04-02,0.9079340100288392
2009-04-03,0.8837445974349974
2009-04-04,0.9222658276557922
2009-04-05,1.2644518613815308
2009-04-06,1.5863456726074217
2009-04-07,1.680352807044983
2009-04-08,1.256326913833618
2009-04-09,1.2249538898468015
2009-04-10,1.1450581550598145
2009-04-11,1.06862473487854
2009-04-12,1.1162095069885254
2009-04-13,1.0115035772323608
2009-04-14,0.9631161093711854
2009-04-15,1.0207560062408447
2009-04-16,1.258474826812744
2009-04-17,1.2309452295303345
2009-04-18,1.244592308998108
2009-04-19,1.5601854324340818
2009-04-20,1.7921643257141113
2009-04-21,1.8166604042053225
2009-04-22,1.1860586404800415
2009-04-23,1.0120104551315308
2009-04-24,1.1119972467422483
2009-04-25,1.0707001686096191
2009-04-26,1.153346538543701
2009-04-27,1.3048752546310427
2009-04-28,1.2750015258789065
2009-04-29,1.2272032499313354
2009-04-30,1.3547642230987549
2009-05-01,1.598568797111511
2009-05-02,1.5150462388992307
2009-05-03,1.411065697669983
2009-05-04,1.3935035467147827
2009-05-05,1.304173707962036
2009-05-06,1.3057814836502077
2009-05-07,1.267200946807861
2009-05-08,1.3452694416046143
2009-05-09,1.5289233922958374
2009-05-10,1.7646191120147705
2009-05-11,1.4751724004745483
2009-05-12,1.249626398086548
2009-05-13,1.3051757812499998
2009-05-14,1.3641151189804077
2009-05-15,1.644189476966858
2009-05-16,2.104978084564209
2009-05-17,2.314394474029541
2009-05-18,2.010115146636963
2009-05-19,1.419987678527832
2009-05-20,1.4907094240188599
2009-05-21,1.7291179895400999
2009-05-22,2.0458202362060542
2009-05-23,1.98367702960968
2009-05-24,1.9106478691101076
2009-05-25,1.9271801710128784
2009-05-26,1.7772855758666992
2009-05-27,1.924713969230652
2009-05-28,2.287947654724121
2009-05-29,2.7558739185333248
2009-05-30,2.5781726837158203
2009-05-31,2.5565335750579834
2009-06-01,2.746004343032837
2009-06-02,2.758852005004883
2009-06-03,2.938751459121704
2009-06-04,3.004174470901489
2009-06-05,2.386378288269043
2009-06-06,1.8042643070220947
2009-06-07,1.756301164627075
2009-06-08,1.9649438858032224
2009-06-09,2.2519893646240234
2009-06-10,2.260110855102539
2009-06-11,2.1528220176696777
2009-06-12,2.301332473754883
2009-06-13,2.353528022766113
2009-06-14,2.0192949771881104
2009-06-15,2.002498388290405
2009-06-16,2.151120185852051
2009-06-17,1.962867856025696
2009-06-18,2.089524507522583
2009-06-19,1.8933992385864256
2009-06-20,1.610669732093811
2009-06-21,1.5377452373504639
2009-06-22,1.62991726398468
2009-06-23,1.9562495946884155
2009-06-24,2.3869988918304443
2009-06-25,1.852513432502746
2009-06-26,1.8232659101486208
2009-06-27,2.188486814498901
2009-06-28,2.0789153575897217
2009-06-29,1.9359681606292725
2009-06-30,2.0304179191589355
2009-07-01,2.2726795673370366
2009-07-02,2.8594937324523926
2009-07-03,3.116273164749145
2009-07-04,3.045733213424682
2009-07-05,2.8427367210388184
2009-07-06,1.9580349922180171
2009-07-07,1.791932702064514
2009-07-08,1.7588979005813596
2009-07-09,2.0294888019561768
2009-07-10,2.3872973918914795
2009-07-11,2.9902627468109126
2009-07-12,2.1833646297454834
2009-07-13,1.7385525703430174
2009-07-14,1.9625935554504397
2009-07-15,2.2522504329681405
2009-07-16,2.704898834228516
2009-07-17,3.022776365280152
2009-07-18,2.63115906715393
2009-07-19,2.2611274719238277
2009-07-20,2.58931040763855
2009-07-21,2.966597557067871
2009-07-22,2.643311023712158
2009-07-23,2.1283562183380127
2009-07-24,2.2051033973693848
2009-07-25,2.587229251861572
2009-07-26,2.913268566131592
2009-07-27,3.4358227252960205
2009-07-28,3.6293017864227295
2009-07-29,3.590503931045532
2009-07-30,3.789839029312134
2009-07-31,3.2342429161071777
2009-08-01,3.0438034534454346
2009-08-02,2.9494714736938485
2009-08-03,2.69676685333252
2009-08-04,2.3846960067749023
2009-08-05,1.9538043737411497
2009-08-06,1.6453124284744265
2009-08-07,1.5623364448547363
2009-08-08,1.5695899724960327
2009-08-09,1.816767334938049
2009-08-10,1.824916124343872
2009-08-11,1.725938320159912
2009-08-12,1.795159101486206
2009-08-13,1.5090250968933103
2009-08-14,1.4455890655517578
2009-08-15,1.5273928642272947
2009-08-16,1.7686591148376465
2009-08-17,2.123075008392333
2009-08-18,2.344199657440185
2009-08-19,2.769788980484009
2009-08-20,2.5697143077850337
2009-08-21,1.794124126434326
2009-08-22,1.7269053459167483
2009-08-23,1.5284124612808228
2009-08-24,1.6784577369689937
2009-08-25,1.5471372604370115
2009-08-26,1.7039982080459595
2009-08-27,2.44479775428772
2009-08-28,2.101061105728149
2009-08-29,1.679377555847168
2009-08-30,1.8647576570510864
2009-08-31,1.869247794151306
2009-09-01,1.7905577421188354
2009-09-02,1.8163688182830808
2009-09-03,1.477532148361206
2009-09-04,1.593815326690674
2009-09-05,1.5269436836242676
2009-09-06,1.2979317903518675
2009-09-07,1.280987024307251
2009-09-08,1.398810863494873
2009-09-09,1.6745954751968384
2009-09-10,1.7833231687545776
2009-09-11,2.188422679901123
2009-09-12,2.536983728408813
2009-09-13,2.1793045997619633
2009-09-14,1.6364431381225584
2009-09-15,1.849529385566712
2009-09-16,1.7393454313278198
2009-09-17,1.5481765270233154
2009-09-18,1.7845633029937744
2009-09-19,1.441529035568237
2009-09-20,1.263324499130249
2009-09-21,1.5854028463363647
2009-09-22,2.049307346343994
2009-09-23,2.1895184516906734
2009-09-24,1.5409858226776125
2009-09-25,1.41426682472229
2009-09-26,1.2760659456253054
2009-09-27,1.2508187294006348
2009-09-28,1.1677393913269043
2009-09-29,0.9294986724853516
2009-09-30,0.875358760356903
2009-10-01,1.0298833847045898
2009-10-02,0.9218277335166932
2009-10-03,0.8671022057533263
2009-10-04,1.0270040035247803
2009-10-05,1.0586611032485962
2009-10-06,1.0901794433593752
2009-10-07,1.0723888874053955
2009-10-08,1.0450053215026855
2009-10-09,1.0183075666427612
2009-10-10,0.8121000528335571
2009-10-11,0.7677800655364991
2009-10-12,0.6810040473937988
2009-10-13,0.7598603367805481
2009-10-14,0.9402475953102114
2009-10-15,1.0341891050338743
2009-10-16,1.2247178554534912
2009-10-17,1.3137580156326292
2009-10-18,1.1814080476760862
2009-10-19,1.0758396387100222
2009-10-20,1.0087478160858152
2009-10-21,1.046551823616028
2009-10-22,0.9497475028038024
2009-10-23,1.0657942295074463
2009-10-24,0.9085741043090818
2009-10-25,0.886613428592682
2009-10-26,0.9667983651161192
2009-10-27,0.7825499176979066
2009-10-28,0.7149729132652283
2009-10-29,0.8627909421920776
2009-10-30,1.1441975831985471
2009-10-31,1.0390993356704714
2009-11-01,0.8297603726387023
2009-11-02,0.8610326051712036
2009-11-03,0.860789179801941
2009-11-04,0.9361515641212464
2009-11-05,0.948239266872406
2009-11-06,0.7966868877410888
2009-11-07,0.7321099638938903
2009-11-08,0.7096421122550964
2009-11-09,0.7688027620315551
2009-11-10,0.7705488801002502
2009-11-11,0.6944221258163452
2009-11-12,0.6445592641830444
2009-11-13,0.6115356087684631
2009-11-14,0.5686852335929871
2009-11-15,0.665149986743927
2009-11-16,0.8221337795257568
2009-11-17,0.7600327730178834
2009-11-18,0.6379871368408204
2009-11-19,0.7413582801818847
2009-11-20,0.7449749112129211
2009-11-21,0.6294827461242676
2009-11-22,0.6386343240737915
2009-11-23,0.6855212450027466
2009-11-24,0.8148121237754821
2009-11-25,0.8011262416839598
2009-11-26,0.7929086685180664
2009-11-27,0.6505779027938843
2009-11-28,0.6405985355377197
2009-11-29,0.7299731373786926
2009-11-30,0.705921709537506
2009-12-01,0.607720136642456
2009-12-02,0.5500638484954834
2009-12-03,0.5311397314071656
2009-12-04,0.4914195239543914
2009-12-05,0.4576558172702789
2009-12-06,0.354341983795166
2009-12-07,0.26329103112220764
2009-12-08,0.2519612312316894
2009-12-09,0.2843086123466492
2009-12-10,0.33076778054237366
2009-12-11,0.3875005841255188
2009-12-12,0.3986099660396576
2009-12-13,0.4063810408115386
2009-12-14,0.4510993361473083
2009-12-15,0.5058233737945557
2009-12-16,0.6215040683746337
2009-12-17,0.6778405904769897
2009-12-18,0.7017912864685059
2009-12-19,0.7522639632225037
2009-12-20,0.7277021408081055
2009-12-21,0.62128746509552
2009-12-22,0.5048234462738036
2009-12-23,0.4886922240257263
2009-12-24,0.4916735589504242
2009-12-25,0.5004181265830994
2009-12-26,0.5194467306137085
2009-12-27,0.5191981196403505
2009-12-28,0.5127951502799988
2009-12-29,0.4595629572868347
2009-12-30,0.505518913269043
2009-12-31,0.5614688992500305
2010-01-01,0.6391176581382751
2010-01-02,0.6799984574317932
2010-01-03,0.6454696655273438
2010-01-04,0.6814379692077637
2010-01-05,0.7450155615806578
2010-01-06,0.5937339067459105
2010-01-07,0.5223800539970397
2010-01-08,0.5555253028869629
2010-01-09,0.6333783268928527
2010-01-10,0.675073266029358
2010-01-11,0.7500542402267456
2010-01-12,0.771408200263977
2010-01-13,0.7769107818603515
2010-01-14,0.7280668616294861
2010-01-15,0.7529296278953551
2010-01-16,0.6773638129234314
2010-01-17,0.7164495587348938
2010-01-18,0.7682511210441588
2010-01-19,0.8180990815162656
2010-01-20,0.7625893354415892
2010-01-21,0.7431712150573729
2010-01-22,0.727417767047882
2010-01-23,0.63688462972641
2010-01-24,0.6061737537384033
2010-01-25,0.668934404850006
2010-01-26,0.6802741289138793
2010-01-27,0.6320456862449646
2010-01-28,0.7059771418571471
2010-01-29,0.7631310224533082
2010-01-30,0.7258790731430053
2010-01-31,0.7218639254570007
2010-02-01,0.690920889377594
2010-02-02,0.7442680001258849
2010-02-03,0.711115837097168
2010-02-04,0.7387213706970214
2010-02-05,0.8032759428024293
2010-02-06,0.8062964081764221
2010-02-07,0.7720441222190858
2010-02-08,0.7528634667396545
2010-02-09,0.719086766242981
2010-02-10,0.6818561553955078
2010-02-11,0.7721897363662719
2010-02-12,0.8049415946006776
2010-02-13,0.8049055337905883
2010-02-14,0.8377716541290284
2010-02-15,0.8068084120750427
2010-02-16,0.8567020297050477
2010-02-17,0.8035153746604918
2010-02-18,0.874138355255127
2010-02-19,0.864259898662567
2010-02-20,0.821252703666687
2010-02-21,0.8130951523780823
2010-02-22,0.858133554458618
2010-02-23,0.8152745962142944
2010-02-24,0.8144239783287048
2010-02-25,0.8802878856658934
2010-02-26,0.9014057517051696
2010-02-27,0.9974032640457152
2010-02-28,0.982963144779205
2010-03-01,1.1047397851943968
2010-03-02,1.0903998613357544
2010-03-03,0.9343385696411134
2010-03-04,0.8703182935714721
2010-03-05,0.926745057106018
2010-03-06,1.0237523317337036
2010-03-07,0.9766755700111388
2010-03-08,0.7035932540893554
2010-03-09,0.6361066102981567
2010-03-10,0.728041410446167
2010-03-11,0.7692758440971375
2010-03-12,0.8430969715118408
2010-03-13,0.8280750513076782
2010-03-14,0.8759658932685852
2010-03-15,1.1059796810150146
2010-03-16,1.1828384399414062
2010-03-17,0.912939190864563
2010-03-18,0.8914335966110228
2010-03-19,1.0433719158172607
2010-03-20,1.2448211908340454
2010-03-21,1.0962672233581543
2010-03-22,0.9689205288887026
2010-03-23,1.0675790309906004
2010-03-24,1.252190828323364
2010-03-25,1.1353576183319092
2010-03-26,0.9946405291557312
2010-03-27,1.0701417922973633
2010-03-28,1.1663553714752195
2010-03-29,1.0101240873336794
2010-03-30,0.9118952751159668
2010-03-31,0.935433268547058
2010-04-01,0.9406162500381468
2010-04-02,0.8962434530258176
2010-04-03,0.8857225179672242
2010-04-04,0.9305056929588316
2010-04-05,1.0334289073944092
2010-04-06,0.9772623181343078
2010-04-07,1.0371464490890503
2010-04-08,0.9126668572425842
2010-04-09,0.8951911926269531
2010-04-10,0.9075199365615844
2010-04-11,1.2334331274032593
2010-04-12,1.2973984479904177
2010-04-13,1.1356648206710815
2010-04-14,1.2112073898315427
2010-04-15,1.3830486536026
2010-04-16,1.591915726661682
2010-04-17,1.4491122961044314
2010-04-18,1.551530599594116
2010-04-19,1.8813501596450803
2010-04-20,1.4806983470916748
2010-04-21,1.1620877981185913
2010-04-22,1.194568037986755
2010-04-23,1.357824683189392
2010-04-24,1.1373716592788696
2010-04-25,1.276201248168945
2010-04-26,1.4834837913513186
2010-04-27,1.3240103721618652
2010-04-28,1.2179347276687622
2010-04-29,1.212411880493164
2010-04-30,1.2258528470993042
2010-05-01,1.2151193618774416
2010-05-02,1.2459901571273804
2010-05-03,1.1596945524215698
2010-05-04,1.1049907207489011
2010-05-05,1.0534765720367432
2010-05-06,1.2369365692138672
2010-05-07,1.4035066366195679
2010-05-08,1.5010889768600464
2010-05-09,1.6035206317901614
2010-05-10,1.4204729795455935
2010-05-11,1.4987341165542603
2010-05-12,1.5700399875640867
2010-05-13,1.7202364206314087
2010-05-14,1.9509342908859248
2010-05-15,2.021552562713623
2010-05-16,2.090392589569092
2010-05-17,2.077741861343384
2010-05-18,1.7132358551025388
2010-05-19,1.7023781538009646
2010-05-20,1.3214663267135618
2010-05-21,1.3680572509765625
2010-05-22,1.3793841600418089
2010-05-23,1.3561807870864868
2010-05-24,1.520327568054199
2010-05-25,1.7253057956695554
2010-05-26,1.6386797428131101
2010-05-27,1.597741961479187
2010-05-28,1.5733058452606201
2010-05-29,1.4772286415100095
2010-05-30,1.5131148099899292
2010-05-31,1.7690833806991577
2010-06-01,1.742878794670105
2010-06-02,1.7968941926956177
2010-06-03,1.7251288890838625
2010-06-04,1.6422123908996582
2010-06-05,1.9440900087356567
2010-06-06,2.013043403625488
2010-06-07,1.8410538434982295
2010-06-08,2.0333876609802246
2010-06-09,1.923478364944458
2010-06-10,1.7663856744766235
2010-06-11,1.7980806827545164
2010-06-12,2.2934286594390865
2010-06-13,2.243883848190308
2010-06-14,1.8169474601745603
2010-06-15,1.5282931327819824
2010-06-16,1.4992016553878784
2010-06-17,1.5522176027297971
2010-06-18,2.046758890151977
2010-06-19,1.86928915977478
2010-06-20,1.7013628482818606
2010-06-21,1.7477657794952393
2010-06-22,2.1522562503814697
2010-06-23,2.6485252380371094
2010-06-24,2.5354745388031006
2010-06-25,2.3132858276367183
2010-06-26,2.203040599822998
2010-06-27,2.294470071792602
2010-06-28,2.317708253860474
2010-06-29,1.8892294168472288
2010-06-30,1.788339853286743
2010-07-01,1.7128318548202517
2010-07-02,1.7384923696517944
2010-07-03,1.6826485395431516
2010-07-04,1.69493818283081
2010-07-05,1.7700920104980469
2010-07-06,2.4183378219604483
2010-07-07,3.1700785160064697
2010-07-08,3.754505157470704
2010-07-09,3.5976448059082036
2010-07-10,3.105677604675293
2010-07-11,2.788166284561157
2010-07-12,1.8956412076950075
2010-07-13,1.7872138023376465
2010-07-14,2.243011474609375
2010-07-15,2.553918600082397
2010-07-16,2.215397834777832
2010-07-17,2.168203830718994
2010-07-18,2.150854110717773
2010-07-19,2.085813045501709
2010-07-20,2.20225191116333
2010-07-21,2.4897496700286865
2010-07-22,2.043983459472656
2010-07-23,2.2410812377929688
2010-07-24,2.7250962257385254
2010-07-25,2.809480667114258
2010-07-26,2.7101893424987793
2010-07-27,2.665014266967773
2010-07-28,2.614870309829712
2010-07-29,2.406447649002075
2010-07-30,2.2512497901916504
2010-07-31,2.146208047866821
2010-08-01,2.052864551544189
2010-08-02,2.120662212371826
2010-08-03,2.1836082935333248
2010-08-04,2.4765954017639165
2010-08-05,2.685650825500488
2010-08-06,2.236775636672973
2010-08-07,1.8372620344161987
2010-08-08,1.8464270830154417
2010-08-09,1.723881483078003
2010-08-10,1.7084625959396362
2010-08-11,1.9334720373153689
2010-08-12,2.1130621433258057
2010-08-13,2.422206401824951
2010-08-14,2.7403895854949947
2010-08-15,3.0809876918792725
2010-08-16,3.090401411056518
2010-08-17,2.7657675743103027
2010-08-18,2.053660631179809
2010-08-19,1.6883115768432615
2010-08-20,1.638453125953674
2010-08-21,1.535642266273498
2010-08-22,1.4134889841079714
2010-08-23,1.5801789760589597
2010-08-24,2.1638588905334473
2010-08-25,2.5191221237182617
2010-08-26,1.6677005290985107
2010-08-27,1.353387475013733
2010-08-28,1.3323814868927002
2010-08-29,1.3110779523849487
2010-08-30,1.362010836601257
2010-08-31,1.3673696517944338
2010-09-01,1.5649977922439577
2010-09-02,1.7805569171905515
2010-09-03,2.2220680713653564
2010-09-04,1.6112918853759763
2010-09-05,1.3571840524673462
2010-09-06,1.3279356956481931
2010-09-07,1.5069496631622312
2010-09-08,1.4967793226242063
2010-09-09,1.414813160896301
2010-09-10,1.3960199356079102
2010-09-11,1.5315060615539549
2010-09-12,1.5975905656814575
2010-09-13,1.836196422576904
2010-09-14,1.8147541284561155
2010-09-15,1.834779381752014
2010-09-16,1.7885093688964844
2010-09-17,1.7037827968597412
2010-09-18,1.9119348526000977
2010-09-19,1.678412675857544
2010-09-20,1.4976252317428589
2010-09-21,1.3909738063812254
2010-09-22,1.4419146776199343
2010-09-23,1.314383864402771
2010-09-24,1.4689217805862427
2010-09-25,1.8130923509597776
2010-09-26,1.7908935546875002
2010-09-27,1.9453191757202148
2010-09-28,1.7475156784057615
2010-09-29,1.5891510248184204
2010-09-30,1.8769770860672
