date,s1
1980-10-01,26.61000061035156
1980-10-02,26.520278930664062
1980-10-03,26.437400817871094
1980-10-04,26.371126174926754
1980-10-05,26.30347442626953
1980-10-06,26.23953247070312
1980-10-07,26.176176071166992
1980-10-08,26.10369110107422
1980-10-09,26.02166938781738
1980-10-10,25.930538177490238
1980-10-11,25.834548950195312
1980-10-12,25.763723373413086
1980-10-13,25.70475387573242
1980-10-14,25.646322250366207
1980-10-15,25.57956314086914
1980-10-16,25.503091812133793
1980-10-17,25.416349411010746
1980-10-18,25.320116043090824
1980-10-19,25.536304473876957
1980-10-20,25.466974258422844
1980-10-21,25.405933380126957
1980-10-22,25.339672088623047
1980-10-23,25.275085449218754
1980-10-24,26.690956115722656
1980-10-25,33.239315032958984
1980-10-26,33.18241500854492
1980-10-27,33.11195755004883
1980-10-28,49.524505615234375
1980-10-29,49.40410614013672
1980-10-30,57.57704162597656
1980-10-31,59.00078964233398
1980-11-01,58.88328552246094
1980-11-02,58.75254821777344
1980-11-03,58.612754821777344
1980-11-04,70.5969009399414
1980-11-05,70.44791412353516
1980-11-06,70.32379913330078
1980-11-07,70.18763732910155
1980-11-08,70.01593017578125
1980-11-09,69.83229064941406
1980-11-10,69.63999176025392
1980-11-11,69.49256134033203
1980-11-12,69.36796569824219
1980-11-13,69.2453842163086
1980-11-14,69.10072326660156
1980-11-15,81.4217529296875
1980-11-16,95.84559631347655
1980-11-17,98.1815719604492
1980-11-18,102.75984191894531
1980-11-19,102.64015197753906
1980-11-20,102.51883697509763
1980-11-21,102.38930511474608
1980-11-22,102.25341033935545
1980-11-23,102.09288787841794
1980-11-24,115.66268157958984
1980-11-25,119.6240921020508
1980-11-26,119.44127655029297
1980-11-27,130.77395629882812
1980-11-28,130.6230773925781
1980-11-29,130.46067810058594
1980-11-30,130.28111267089844
1980-12-01,130.0851898193359
1980-12-02,129.86474609375
1980-12-03,129.65853881835935
1980-12-04,129.4884490966797
1980-12-05,129.30752563476562
1980-12-06,129.09217834472656
1980-12-07,128.85243225097656
1980-12-08,128.58792114257812
1980-12-09,128.29914855957034
1980-12-10,155.17155456542972
1980-12-11,156.0299072265625
1980-12-12,155.82260131835935
1980-12-13,155.58145141601562
1980-12-14,155.3532257080078
1980-12-15,155.14808654785153
1980-12-16,155.92713928222656
1980-12-17,155.72616577148438
1980-12-18,155.53796386718747
1980-12-19,155.31753540039062
1980-12-20,155.09982299804688
1980-12-21,154.9410858154297
1980-12-22,154.8161468505859
1980-12-23,155.5859375
1980-12-24,155.55450439453122
1980-12-25,155.4011077880859
1980-12-26,155.2833251953125
1980-12-27,155.14697265624997
1980-12-28,155.71345520019534
1980-12-29,155.45887756347653
1980-12-30,155.19967651367188
1980-12-31,154.94337463378906
1981-01-01,154.7407684326172
1981-01-02,154.53614807128906
1981-01-03,154.35046386718747
1981-01-04,154.15643310546878
1981-01-05,154.04223632812497
1981-01-06,153.9161834716797
1981-01-07,163.2175445556641
1981-01-08,163.06398010253906
1981-01-09,162.90855407714844
1981-01-10,162.75567626953125
1981-01-11,162.62754821777344
1981-01-12,162.52194213867188
1981-01-13,162.4074554443359
1981-01-14,162.2408752441406
1981-01-15,162.02764892578125
1981-01-16,161.83685302734375
1981-01-17,161.68661499023438
1981-01-18,161.53535461425778
1981-01-19,161.32659912109375
1981-01-20,161.09446716308594
1981-01-21,168.48004150390625
1981-01-22,168.26171875
1981-01-23,168.04467773437503
1981-01-24,167.8287353515625
1981-01-25,167.5859375
1981-01-26,167.3061370849609
1981-01-27,166.98982238769534
1981-01-28,176.21871948242188
1981-01-29,175.9626312255859
1981-01-30,175.7098846435547
1981-01-31,175.8935546875
1981-02-01,175.68585205078122
1981-02-02,193.18692016601562
1981-02-03,193.03504943847653
1981-02-04,192.8757781982422
1981-02-05,192.70269775390622
1981-02-06,192.50386047363278
1981-02-07,197.3261260986328
1981-02-08,231.51547241210938
1981-02-09,231.24276733398435
1981-02-10,230.9326629638672
1981-02-11,323.6576232910156
1981-02-12,323.3886413574219
1981-02-13,323.0981750488281
1981-02-14,322.6648559570312
1981-02-15,322.1127319335937
1981-02-16,321.40646362304693
1981-02-17,320.61053466796875
1981-02-18,335.3327026367188
1981-02-19,356.9093017578125
1981-02-20,356.0704650878906
1981-02-21,355.2308959960937
1981-02-22,354.3920288085937
1981-02-23,357.91702270507807
1981-02-24,357.22286987304693
1981-02-25,356.5648803710937
1981-02-26,355.74453735351557
1981-02-27,354.86837768554693
1981-02-28,353.9595642089844
1981-03-01,354.245361328125
1981-03-02,360.04446411132807
1981-03-03,359.3618774414062
1981-03-04,358.623779296875
1981-03-05,375.4266662597657
1981-03-06,374.7255554199219
1981-03-07,374.0646667480469
1981-03-08,373.41262817382807
1981-03-09,372.7982177734375
1981-03-10,372.13302612304693
1981-03-11,371.4263916015625
1981-03-12,370.72512817382807
1981-03-13,370.0060424804688
1981-03-14,369.24270629882807
1981-03-15,368.5228576660156
1981-03-16,369.89041137695307
1981-03-17,369.23144531249994
1981-03-18,368.4367675781249
1981-03-19,391.56622314453125
1981-03-20,390.97421264648443
1981-03-21,390.27722167968756
1981-03-22,389.5377502441406
1981-03-23,397.1747741699218
1981-03-24,396.45852661132807
1981-03-25,395.658233642578
1981-03-26,394.76544189453125
1981-03-27,393.7161865234375
1981-03-28,392.5459594726563
1981-03-29,391.30804443359375
1981-03-30,405.20758056640636
1981-03-31,411.44964599609375
1981-04-01,442.9575500488281
1981-04-02,444.63348388671875
1981-04-03,443.24554443359375
1981-04-04,441.64968872070307
1981-04-05,440.1185607910156
1981-04-06,439.0108642578125
1981-04-07,437.8761901855469
1981-04-08,436.60333251953125
1981-04-09,435.0605163574218
1981-04-10,433.40228271484375
1981-04-11,431.6510925292969
1981-04-12,429.82522583007807
1981-04-13,427.99179077148443
1981-04-14,426.13430786132807
1981-04-15,424.388427734375
1981-04-16,423.03283691406244
1981-04-17,421.57318115234375
1981-04-18,419.8158264160156
1981-04-19,417.8789367675781
1981-04-20,415.9729309082031
1981-04-21,434.33218383789057
1981-04-22,433.00906372070307
1981-04-23,431.35391235351557
1981-04-24,437.11145019531256
1981-04-25,435.7061462402344
1981-04-26,434.1432800292969
1981-04-27,432.36044311523443
1981-04-28,430.4600830078125
1981-04-29,428.522216796875
1981-04-30,432.20077514648443
1981-05-01,430.4368896484375
1981-05-02,429.0480041503905
1981-05-03,427.65869140625
1981-05-04,426.16497802734375
1981-05-05,424.4254760742188
1981-05-06,422.5011901855469
1981-05-07,424.26263427734375
1981-05-08,422.96594238281244
1981-05-09,421.50759887695307
1981-05-10,419.85577392578125
1981-05-11,424.99450683593756
1981-05-12,423.748779296875
1981-05-13,422.2981872558593
1981-05-14,420.5687255859375
1981-05-15,422.2701110839844
1981-05-16,420.9631652832031
1981-05-17,419.3802490234375
1981-05-18,417.46069335937506
1981-05-19,417.43008422851557
1981-05-20,417.41778564453125
1981-05-21,415.86309814453125
1981-05-22,414.24935913085943
1981-05-23,412.4551391601562
1981-05-24,410.4252319335937
1981-05-25,408.29275512695307
1981-05-26,406.2117004394531
1981-05-27,429.2175598144531
1981-05-28,436.79644775390625
1981-05-29,434.736358642578
1981-05-30,432.2945861816406
1981-05-31,429.70703125
1981-06-01,434.71911621093756
1981-06-02,432.2863159179688
1981-06-03,437.96820068359375
1981-06-04,435.3013610839844
1981-06-05,432.56567382812494
1981-06-06,439.8113708496093
1981-06-07,445.55059814453125
1981-06-08,475.0613403320313
1981-06-09,472.012939453125
1981-06-10,468.8586120605469
1981-06-11,465.76101684570307
1981-06-12,466.7916259765625
1981-06-13,463.82299804687506
1981-06-14,460.7551574707031
1981-06-15,457.62258911132807
1981-06-16,454.44146728515625
1981-06-17,451.24682617187506
1981-06-18,448.2555847167969
1981-06-19,458.91650390625
1981-06-20,455.8483276367188
1981-06-21,452.6086120605469
1981-06-22,449.2832946777344
1981-06-23,446.0287475585938
1981-06-24,442.81005859375
1981-06-25,439.7870788574218
1981-06-26,447.64822387695307
1981-06-27,444.9275207519531
1981-06-28,442.38284301757807
1981-06-29,440.06265258789057
1981-06-30,437.7301940917969
1981-07-01,435.2189331054688
1981-07-02,447.0143737792969
1981-07-03,447.72760009765625
1981-07-04,445.32763671875
1981-07-05,442.7031555175781
1981-07-06,447.487060546875
1981-07-07,457.39251708984375
1981-07-08,454.32159423828125
1981-07-09,451.0811462402344
1981-07-10,447.8099365234375
1981-07-11,444.51422119140636
1981-07-12,441.3532409667969
1981-07-13,438.1958923339844
1981-07-14,435.0165100097656
1981-07-15,431.72760009765625
1981-07-16,428.45208740234375
1981-07-17,425.2703857421875
1981-07-18,427.2742004394531
1981-07-19,424.37219238281244
1981-07-20,421.44461059570307
1981-07-21,429.40335083007807
1981-07-22,426.55667114257807
1981-07-23,423.7933654785156
1981-07-24,420.8836059570313
1981-07-25,417.93728637695307
1981-07-26,415.0607604980469
1981-07-27,416.1018371582031
1981-07-28,413.1303100585938
1981-07-29,410.2442626953125
1981-07-30,417.08554077148443
1981-07-31,417.2209777832031
1981-08-01,424.07827758789057
1981-08-02,455.4803771972656
1981-08-03,455.03713989257807
1981-08-04,452.3421936035156
1981-08-05,449.5074768066406
1981-08-06,446.6920776367188
1981-08-07,443.86007690429693
1981-08-08,458.7614440917969
1981-08-09,466.13397216796875
1981-08-10,463.40808105468744
1981-08-11,460.747314453125
1981-08-12,483.23333740234375
1981-08-13,480.6037292480469
1981-08-14,477.8755187988281
1981-08-15,475.0706787109375
1981-08-16,472.1196899414063
1981-08-17,492.0603332519531
1981-08-18,503.2843627929688
1981-08-19,501.14724731445307
1981-08-20,498.87274169921886
1981-08-21,496.53070068359375
1981-08-22,494.26416015625
1981-08-23,491.95950317382807
1981-08-24,489.6819458007813
1981-08-25,487.1807250976562
1981-08-26,484.62799072265625
1981-08-27,482.36764526367193
1981-08-28,480.044189453125
1981-08-29,477.67517089843756
1981-08-30,475.2727966308594
1981-08-31,472.8512268066406
1981-09-01,470.4263000488281
1981-09-02,467.98583984375
1981-09-03,465.5621948242188
1981-09-04,463.1456909179688
1981-09-05,480.43118286132807
1981-09-06,477.95654296875
1981-09-07,475.4696960449219
1981-09-08,474.5506286621094
1981-09-09,472.4573059082031
1981-09-10,470.44778442382807
1981-09-11,468.37945556640636
1981-09-12,466.1238708496093
1981-09-13,463.8369750976562
1981-09-14,461.44940185546875
1981-09-15,467.2047729492188
1981-09-16,467.09936523437506
1981-09-17,465.30877685546886
1981-09-18,463.87036132812494
1981-09-19,462.54919433593756
1981-09-20,461.1463317871094
1981-09-21,459.5889892578125
1981-09-22,457.9206237792969
1981-09-23,456.0446472167969
1981-09-24,454.31567382812494
1981-09-25,452.65811157226557
1981-09-26,451.0494995117188
1981-09-27,449.27532958984375
1981-09-28,447.36425781249994
1981-09-29,445.6224060058593
1981-09-30,443.75534057617193
1981-10-01,441.83129882812494
1981-10-02,440.03073120117193
1981-10-03,438.9178161621094
1981-10-04,437.74230957031244
1981-10-05,436.326904296875
1981-10-06,434.6466674804688
1981-10-07,432.93145751953125
1981-10-08,431.5477600097656
1981-10-09,430.4129638671875
1981-10-10,446.53735351562494
1981-10-11,466.83380126953125
1981-10-12,465.5750427246093
1981-10-13,464.37945556640636
1981-10-14,463.2762451171875
1981-10-15,462.0407409667969
1981-10-16,460.63330078125
1981-10-17,459.11663818359375
1981-10-18,457.65908813476557
1981-10-19,456.6280212402344
1981-10-20,455.7922058105469
1981-10-21,454.7951354980469
1981-10-22,453.52044677734375
1981-10-23,452.2257690429688
1981-10-24,457.1954650878905
1981-10-25,475.13598632812494
1981-10-26,500.8220520019532
1981-10-27,503.34771728515625
1981-10-28,502.154052734375
1981-10-29,500.8669128417968
1981-10-30,499.6807250976562
1981-10-31,498.548370361328
1981-11-01,497.33273315429693
1981-11-02,495.9861145019531
1981-11-03,494.6036682128905
1981-11-04,493.0981750488281
1981-11-05,491.6021423339844
1981-11-06,495.0504760742188
1981-11-07,493.99563598632807
1981-11-08,493.0807800292968
1981-11-09,492.12945556640636
1981-11-10,491.20178222656244
1981-11-11,490.19479370117193
1981-11-12,489.2673645019531
1981-11-13,488.48516845703125
1981-11-14,487.7430725097656
1981-11-15,486.8858032226562
1981-11-16,485.9431457519532
1981-11-17,486.85760498046886
1981-11-18,485.9434509277344
1981-11-19,484.956573486328
1981-11-20,489.1768493652345
1981-11-21,488.57998657226557
1981-11-22,487.97772216796875
1981-11-23,487.33511352539057
1981-11-24,491.90319824218744
1981-11-25,491.17626953124994
1981-11-26,490.3827209472656
1981-11-27,489.3418579101562
1981-11-28,488.25372314453125
1981-11-29,487.4386596679688
1981-11-30,492.5185852050781
1981-12-01,507.1576538085938
1981-12-02,522.5208740234375
1981-12-03,521.7847900390624
1981-12-04,521.0302734375
1981-12-05,520.37158203125
1981-12-06,519.7609863281249
1981-12-07,519.041748046875
1981-12-08,518.1080322265625
1981-12-09,517.3941650390624
1981-12-10,516.8900756835938
1981-12-11,516.4108886718751
1981-12-12,515.9058837890625
1981-12-13,515.36181640625
1981-12-14,535.5119628906249
1981-12-15,568.597900390625
1981-12-16,572.1549682617189
1981-12-17,571.5100708007814
1981-12-18,574.273193359375
1981-12-19,573.9012451171875
1981-12-20,573.5280761718751
1981-12-21,573.1194458007814
1981-12-22,575.9722290039062
1981-12-23,574.7861938476562
1981-12-24,585.6981201171876
1981-12-25,630.73828125
1981-12-26,633.16357421875
1981-12-27,637.5772705078125
1981-12-28,636.7897338867189
1981-12-29,642.0211181640624
1981-12-30,641.1978149414064
1981-12-31,674.1927490234376
1982-01-01,697.7294921875
1982-01-02,696.5392456054688
1982-01-03,696.14697265625
1982-01-04,728.9749755859374
1982-01-05,726.8004150390625
1982-01-06,724.6769409179686
1982-01-07,722.3530273437501
1982-01-08,723.4876708984373
1982-01-09,721.8015747070311
1982-01-10,720.3959960937501
1982-01-11,719.2935180664062
1982-01-12,718.1643066406249
1982-01-13,716.962646484375
1982-01-14,715.9652099609375
1982-01-15,714.8568725585939
1982-01-16,713.7074584960938
1982-01-17,712.6559448242188
1982-01-18,711.540771484375
1982-01-19,726.4105834960938
1982-01-20,743.0209960937501
1982-01-21,738.6704711914061
1982-01-22,736.2657470703125
1982-01-23,733.5136718750001
1982-01-24,742.7695922851561
1982-01-25,739.4253540039064
1982-01-26,736.4915771484375
1982-01-27,734.0763549804686
1982-01-28,731.7758178710938
1982-01-29,729.3901367187501
1982-01-30,726.7757568359374
1982-01-31,724.1818237304686
1982-02-01,737.5048828125
1982-02-02,739.1713867187501
1982-02-03,794.4984741210938
1982-02-04,774.0238647460938
1982-02-05,761.1845092773438
1982-02-06,753.78662109375
1982-02-07,748.6575317382811
1982-02-08,744.316467285156
1982-02-09,740.2230834960938
1982-02-10,744.1247558593751
1982-02-11,740.3266601562499
1982-02-12,737.0640258789062
1982-02-13,742.998046875
1982-02-14,739.4508056640626
1982-02-15,735.985595703125
1982-02-16,740.2976074218751
1982-02-17,767.0771484375
1982-02-18,758.3764648437502
1982-02-19,751.6363525390625
1982-02-20,746.325927734375
1982-02-21,741.7654418945311
1982-02-22,738.0537719726561
1982-02-23,734.6094360351561
1982-02-24,730.9843139648436
1982-02-25,727.7601318359374
1982-02-26,725.382568359375
1982-02-27,734.7333984375
1982-02-28,736.8217163085938
1982-03-01,733.8859863281249
1982-03-02,731.0236206054686
1982-03-03,728.1556396484375
1982-03-04,725.2484741210938
1982-03-05,722.1146850585938
1982-03-06,719.0478515625
1982-03-07,743.2038574218751
1982-03-08,739.6956787109375
1982-03-09,736.4378662109375
1982-03-10,733.0214233398436
1982-03-11,729.5040283203124
1982-03-12,726.1129150390625
1982-03-13,722.6890869140625
1982-03-14,719.3590087890625
1982-03-15,716.3834838867189
1982-03-16,732.5008544921875
1982-03-17,728.9052124023438
1982-03-18,733.5001831054686
1982-03-19,728.9622802734375
1982-03-20,724.6940307617188
1982-03-21,720.7083129882814
1982-03-22,719.7557373046875
1982-03-23,717.2789916992189
1982-03-24,714.678466796875
1982-03-25,716.3045654296875
1982-03-26,714.1178588867189
1982-03-27,712.3443603515625
1982-03-28,710.7206420898438
1982-03-29,708.9953613281249
1982-03-30,708.6629638671874
1982-03-31,705.9132690429688
1982-04-01,702.9747924804688
1982-04-02,700.28857421875
1982-04-03,704.6353149414064
1982-04-04,702.361572265625
1982-04-05,717.399169921875
1982-04-06,724.5802612304686
1982-04-07,722.3519287109375
1982-04-08,723.9801025390625
1982-04-09,731.9672851562498
1982-04-10,728.8411254882814
1982-04-11,725.8381347656249
1982-04-12,722.8175048828124
1982-04-13,719.720947265625
1982-04-14,720.7073974609375
1982-04-15,717.02294921875
1982-04-16,724.9489135742188
1982-04-17,720.9886474609375
1982-04-18,727.87939453125
1982-04-19,724.648681640625
1982-04-20,754.6226196289062
1982-04-21,747.5540771484375
1982-04-22,742.1342773437501
1982-04-23,737.92578125
1982-04-24,734.0659179687501
1982-04-25,730.2686157226561
1982-04-26,761.9764404296876
1982-04-27,769.5869750976562
1982-04-28,757.7301635742188
1982-04-29,749.9608764648436
1982-04-30,744.1834716796876
1982-05-01,739.1622314453125
1982-05-02,734.3267822265626
1982-05-03,729.8990478515625
1982-05-04,725.7517089843751
1982-05-05,721.6532592773438
1982-05-06,717.7782592773438
1982-05-07,714.1943969726562
1982-05-08,722.6510620117186
1982-05-09,718.9429931640625
1982-05-10,715.3543701171876
1982-05-11,711.6221923828124
1982-05-12,707.8356323242188
1982-05-13,704.0801391601562
1982-05-14,700.4065551757812
1982-05-15,696.8165893554688
1982-05-16,693.0310668945314
1982-05-17,689.4124755859375
1982-05-18,685.867431640625
1982-05-19,682.3289794921875
1982-05-20,678.8062133789064
1982-05-21,681.5559692382812
1982-05-22,677.8229370117188
1982-05-23,676.7183227539062
1982-05-24,707.1163940429689
1982-05-25,703.0274658203125
1982-05-26,721.37255859375
1982-05-27,717.88671875
1982-05-28,712.9554443359375
1982-05-29,707.9661254882814
1982-05-30,703.0449218750001
1982-05-31,712.3719482421875
1982-06-01,710.361083984375
1982-06-02,706.1709594726562
1982-06-03,701.78173828125
1982-06-04,700.2415161132812
1982-06-05,696.0059814453125
1982-06-06,692.3037719726562
1982-06-07,688.6651611328125
1982-06-08,684.7435913085938
1982-06-09,680.4409790039062
1982-06-10,675.9797973632812
1982-06-11,671.8636474609375
1982-06-12,667.9087524414064
1982-06-13,684.2744750976562
1982-06-14,680.41796875
1982-06-15,676.4259033203124
1982-06-16,672.2448120117188
1982-06-17,672.138916015625
1982-06-18,668.3829956054688
1982-06-19,664.4683227539062
1982-06-20,660.5087280273438
1982-06-21,656.7763671875
1982-06-22,657.7039184570312
1982-06-23,664.8792724609374
1982-06-24,660.988037109375
1982-06-25,657.0557861328126
1982-06-26,653.1356811523439
1982-06-27,649.3905639648439
1982-06-28,666.1674194335938
1982-06-29,664.6784057617188
1982-06-30,664.0587158203125
1982-07-01,660.0107421875
1982-07-02,655.9493408203125
1982-07-03,651.6797485351562
1982-07-04,647.3736572265625
1982-07-05,648.7568969726562
1982-07-06,644.704833984375
1982-07-07,640.8876953124999
1982-07-08,638.6205444335938
1982-07-09,634.8430786132812
1982-07-10,644.3732299804688
1982-07-11,674.3674926757812
1982-07-12,670.4627075195312
1982-07-13,666.4644165039062
1982-07-14,662.4389038085939
1982-07-15,667.7177734375
1982-07-16,668.2857055664062
1982-07-17,669.8391723632812
1982-07-18,667.0184326171875
1982-07-19,662.9375
1982-07-20,658.7754516601564
1982-07-21,654.45703125
1982-07-22,650.1800537109375
1982-07-23,646.3202514648438
1982-07-24,642.4960327148438
1982-07-25,638.6018066406249
1982-07-26,634.6893310546874
1982-07-27,630.6151123046875
1982-07-28,626.5567626953125
1982-07-29,622.6041870117188
1982-07-30,618.8812866210938
1982-07-31,621.9987182617189
1982-08-01,629.5834350585938
1982-08-02,626.1334228515625
1982-08-03,622.71728515625
1982-08-04,619.0617675781249
1982-08-05,615.4176025390625
1982-08-06,625.55712890625
1982-08-07,622.0730590820312
1982-08-08,619.048583984375
1982-08-09,619.7701416015625
1982-08-10,616.5850830078125
1982-08-11,642.6203613281249
1982-08-12,661.2434082031249
1982-08-13,657.668701171875
1982-08-14,654.0851440429689
1982-08-15,650.4918823242188
1982-08-16,646.9666137695312
1982-08-17,643.5617065429689
1982-08-18,648.2967529296875
1982-08-19,654.5715942382812
1982-08-20,651.1355590820312
1982-08-21,647.5556030273438
1982-08-22,644.2449340820312
1982-08-23,640.8085327148438
1982-08-24,637.1127319335938
1982-08-25,633.1531372070312
1982-08-26,629.6990356445312
1982-08-27,626.2298583984375
1982-08-28,622.71826171875
1982-08-29,619.4652099609375
1982-08-30,616.393310546875
1982-08-31,613.2675781249999
1982-09-01,610.053466796875
1982-09-02,625.1697387695312
1982-09-03,621.98291015625
1982-09-04,619.1553955078125
1982-09-05,616.4843139648439
1982-09-06,613.8743286132812
1982-09-07,611.3285522460939
1982-09-08,608.6849975585938
1982-09-09,606.1336059570314
1982-09-10,608.7320556640625
1982-09-11,623.7383422851562
1982-09-12,631.4093017578125
1982-09-13,628.3863525390625
1982-09-14,627.8668823242188
1982-09-15,624.6412963867189
1982-09-16,621.4334716796876
1982-09-17,618.3068237304689
1982-09-18,615.2011108398438
1982-09-19,612.1571655273438
1982-09-20,609.3612670898438
1982-09-21,606.8588256835938
1982-09-22,605.0197143554688
1982-09-23,603.3609619140624
1982-09-24,601.59912109375
1982-09-25,599.6932373046875
1982-09-26,597.7124633789064
1982-09-27,601.2432250976562
1982-09-28,599.0955810546874
1982-09-29,596.8699340820312
1982-09-30,594.7188110351562
1982-10-01,592.7107543945314
1982-10-02,590.5751953124999
1982-10-03,588.4390258789064
1982-10-04,586.0780029296875
1982-10-05,583.6561889648438
1982-10-06,581.2755126953125
1982-10-07,579.1435546875001
1982-10-08,583.1986694335938
1982-10-09,593.7090454101564
1982-10-10,591.1087646484375
1982-10-11,615.8130493164062
1982-10-12,622.8194580078125
1982-10-13,666.9918212890625
1982-10-14,678.6343383789064
1982-10-15,676.8362426757812
1982-10-16,675.0284423828124
1982-10-17,673.5034790039062
1982-10-18,671.935302734375
1982-10-19,670.2367553710939
1982-10-20,668.3001098632812
1982-10-21,666.2988281249999
1982-10-22,664.6824340820312
1982-10-23,663.2476806640625
1982-10-24,662.0079345703125
1982-10-25,660.7694702148438
1982-10-26,659.3980102539064
1982-10-27,657.97802734375
1982-10-28,656.5216064453125
1982-10-29,655.0468139648439
1982-10-30,653.413330078125
1982-10-31,651.6077270507812
1982-11-01,649.6025390624999
1982-11-02,647.5153808593751
1982-11-03,655.5491943359375
1982-11-04,684.606689453125
1982-11-05,683.5431518554688
1982-11-06,682.5217895507814
1982-11-07,681.3788452148438
1982-11-08,680.1070556640625
1982-11-09,678.6862182617189
1982-11-10,677.1190185546875
1982-11-11,675.5065307617188
1982-11-12,673.5819091796875
1982-11-13,696.5872802734376
1982-11-14,695.3998413085938
1982-11-15,694.1184692382812
1982-11-16,692.9106445312501
1982-11-17,691.5562744140625
1982-11-18,701.9302368164064
1982-11-19,710.1240844726562
1982-11-20,708.2737426757812
1982-11-21,709.9557495117189
1982-11-22,707.6680297851562
1982-11-23,705.3424682617189
1982-11-24,703.2511596679689
1982-11-25,701.8356933593751
1982-11-26,700.21630859375
1982-11-27,698.4696044921875
1982-11-28,700.2799682617189
1982-11-29,731.8965454101561
1982-11-30,729.0067749023436
1982-12-01,741.7000122070312
1982-12-02,737.382568359375
1982-12-03,733.2135009765626
1982-12-04,729.4869384765625
1982-12-05,735.3721313476561
1982-12-06,751.8483276367188
1982-12-07,746.7588500976562
1982-12-08,742.5216674804686
1982-12-09,738.6558837890625
1982-12-10,735.416748046875
1982-12-11,756.9890136718751
1982-12-12,778.2177734375
1982-12-13,763.242431640625
1982-12-14,755.7322998046875
1982-12-15,749.9979858398438
1982-12-16,764.2252807617188
1982-12-17,756.2385864257811
1982-12-18,750.6522216796876
1982-12-19,746.2470703125
1982-12-20,742.3268432617188
1982-12-21,738.9836425781249
1982-12-22,736.0025634765625
1982-12-23,733.1835327148436
1982-12-24,730.2465209960938
1982-12-25,726.9938354492186
1982-12-26,724.0765380859374
1982-12-27,721.2494506835938
1982-12-28,718.5317993164062
1982-12-29,738.5092163085938
1982-12-30,736.6119995117188
1982-12-31,739.1729125976561
1983-01-01,741.6384887695311
1983-01-02,770.6594848632812
1983-01-03,782.2106323242188
1983-01-04,763.9756469726561
1983-01-05,756.0888061523436
1983-01-06,750.3826293945312
1983-01-07,745.7268066406249
1983-01-08,741.8209228515625
1983-01-09,738.4402465820312
1983-01-10,737.3734130859375
1983-01-11,736.1832885742188
1983-01-12,733.5631103515625
1983-01-13,731.3123168945311
1983-01-14,729.0575561523436
1983-01-15,726.8331909179686
1983-01-16,724.9932250976562
1983-01-17,723.203125
1983-01-18,721.5675659179686
1983-01-19,720.1221923828124
1983-01-20,718.7383422851562
1983-01-21,735.1032104492186
1983-01-22,748.5070190429685
1983-01-23,754.3203735351562
1983-01-24,749.0927734375
1983-01-25,744.8177490234374
1983-01-26,741.2087402343751
1983-01-27,745.7554931640626
1983-01-28,750.2327270507811
1983-01-29,745.6240234375
1983-01-30,747.650695800781
1983-01-31,743.2637329101561
1983-02-01,739.3091430664062
1983-02-02,771.1264038085939
1983-02-03,759.9346313476561
1983-02-04,753.363037109375
1983-02-05,748.3311767578124
1983-02-06,754.9848632812499
1983-02-07,756.0459594726561
1983-02-08,750.5313720703125
1983-02-09,745.9847412109375
1983-02-10,742.0130615234375
1983-02-11,746.1531982421875
1983-02-12,742.3135986328125
1983-02-13,739.0144653320312
1983-02-14,777.5862426757811
1983-02-15,770.6672363281249
1983-02-16,759.5928955078125
1983-02-17,756.4774169921875
1983-02-18,750.3267211914061
1983-02-19,745.4451904296876
1983-02-20,741.2373657226561
1983-02-21,737.514404296875
1983-02-22,734.00439453125
1983-02-23,758.2626953124999
1983-02-24,751.4589843750001
1983-02-25,750.3493652343751
1983-02-26,745.9055175781249
1983-02-27,742.1332397460939
1983-02-28,738.6858520507811
1983-03-01,746.6959228515625
1983-03-02,741.930419921875
1983-03-03,737.7377319335938
1983-03-04,733.7916259765626
1983-03-05,729.9832763671875
1983-03-06,765.9912719726561
1983-03-07,755.7680053710939
1983-03-08,748.7181396484375
1983-03-09,743.6480102539061
1983-03-10,739.8302001953125
1983-03-11,736.732177734375
1983-03-12,733.759521484375
1983-03-13,730.8292846679686
1983-03-14,727.7847900390625
1983-03-15,724.7274780273436
1983-03-16,725.3742065429686
1983-03-17,740.0667114257811
1983-03-18,741.7860717773436
1983-03-19,737.49462890625
1983-03-20,733.7778930664062
1983-03-21,750.1338500976562
1983-03-22,745.4237060546875
1983-03-23,741.4612426757811
1983-03-24,750.1258544921875
1983-03-25,766.5622558593751
1983-03-26,757.2716064453125
1983-03-27,782.248046875
1983-03-28,775.470703125
1983-03-29,761.5903320312499
1983-03-30,753.8908081054688
1983-03-31,761.4784545898436
1983-04-01,753.6773681640626
1983-04-02,754.320068359375
1983-04-03,748.168701171875
1983-04-04,743.1737670898438
1983-04-05,738.5437622070312
1983-04-06,740.8828735351562
1983-04-07,737.6356811523436
1983-04-08,769.5092773437501
1983-04-09,801.5788574218751
1983-04-10,782.6005249023436
1983-04-11,762.8919677734374
1983-04-12,754.064697265625
1983-04-13,747.3880615234375
1983-04-14,741.5625610351562
1983-04-15,743.5369873046875
1983-04-16,739.3038940429685
1983-04-17,735.5804443359374
1983-04-18,732.1866455078125
1983-04-19,731.6201782226561
1983-04-20,728.9639892578125
1983-04-21,726.2384643554688
1983-04-22,723.3810424804686
1983-04-23,727.0896606445312
1983-04-24,743.909912109375
1983-04-25,739.4150390624999
1983-04-26,735.1843872070312
1983-04-27,731.0630493164062
1983-04-28,727.0933227539061
1983-04-29,723.1515502929686
1983-04-30,719.2825927734375
1983-05-01,715.4811401367189
1983-05-02,711.6968994140625
1983-05-03,708.2653808593751
1983-05-04,714.3804931640625
1983-05-05,711.4829711914064
1983-05-06,708.4616088867189
1983-05-07,705.1819458007814
1983-05-08,701.904296875
1983-05-09,705.5154418945312
1983-05-10,702.2697143554688
1983-05-11,698.9035034179688
1983-05-12,695.5960693359375
1983-05-13,692.033935546875
1983-05-14,695.0523071289064
1983-05-15,691.5758666992189
1983-05-16,701.5897827148438
1983-05-17,707.79296875
1983-05-18,704.8009033203124
1983-05-19,701.6401367187499
1983-05-20,701.43798828125
1983-05-21,700.519287109375
1983-05-22,696.5985717773436
1983-05-23,693.4694213867189
1983-05-24,690.0759887695312
1983-05-25,687.055419921875
1983-05-26,683.8501586914064
1983-05-27,680.8875122070312
1983-05-28,677.8506469726562
1983-05-29,674.3538208007814
1983-05-30,679.5761718750001
1983-05-31,676.3092651367189
1983-06-01,673.0819702148438
1983-06-02,670.2318725585939
1983-06-03,666.884033203125
1983-06-04,663.2352294921875
1983-06-05,659.6837158203125
1983-06-06,660.0166015625
1983-06-07,664.821533203125
1983-06-08,680.8745727539062
1983-06-09,691.1351928710938
1983-06-10,687.7669677734375
1983-06-11,684.4070434570312
1983-06-12,681.0880126953125
1983-06-13,677.7335815429689
1983-06-14,674.3440551757812
1983-06-15,670.7767333984375
1983-06-16,667.0205688476561
1983-06-17,663.1842651367189
1983-06-18,659.4488525390625
1983-06-19,655.7213745117189
1983-06-20,671.5458374023439
1983-06-21,667.6566772460939
1983-06-22,674.2967529296875
1983-06-23,688.0215454101564
1983-06-24,684.1605834960938
1983-06-25,680.0291748046875
1983-06-26,675.7005615234376
1983-06-27,671.2825927734375
1983-06-28,670.4856567382812
1983-06-29,671.5643920898438
1983-06-30,675.6729736328125
1983-07-01,671.5968627929688
1983-07-02,667.378662109375
1983-07-03,662.9406127929688
1983-07-04,658.5908813476561
1983-07-05,654.3494873046875
1983-07-06,652.3228149414064
1983-07-07,648.5689697265624
1983-07-08,645.0811157226562
1983-07-09,641.6766357421875
1983-07-10,637.9968872070312
1983-07-11,633.9384765625
1983-07-12,629.6710815429689
1983-07-13,625.3276977539062
1983-07-14,620.8568115234376
1983-07-15,616.3707885742188
1983-07-16,612.0589599609375
1983-07-17,607.9886474609375
1983-07-18,604.0097656249999
1983-07-19,599.9740600585938
1983-07-20,595.8126220703125
1983-07-21,591.5455322265625
1983-07-22,586.9547729492189
1983-07-23,582.3214111328125
1983-07-24,577.7799072265625
1983-07-25,579.9689941406249
1983-07-26,593.0755615234376
1983-07-27,589.4760131835936
1983-07-28,586.1170043945314
1983-07-29,582.715087890625
1983-07-30,579.4403686523439
1983-07-31,575.913818359375
1983-08-01,580.7852783203124
1983-08-02,600.477783203125
1983-08-03,597.0679931640625
1983-08-04,593.5213012695312
1983-08-05,589.8746337890625
1983-08-06,586.1461181640624
1983-08-07,605.03076171875
1983-08-08,601.3099975585938
1983-08-09,597.4913330078125
1983-08-10,593.5314331054689
1983-08-11,589.6369018554688
1983-08-12,585.8613891601562
1983-08-13,582.4729003906251
1983-08-14,579.4589843750001
1983-08-15,576.655029296875
1983-08-16,573.663818359375
1983-08-17,570.4822998046875
1983-08-18,567.135498046875
1983-08-19,563.4223022460938
1983-08-20,559.4346923828125
1983-08-21,555.3442993164064
1983-08-22,551.2926025390625
1983-08-23,547.3246459960938
1983-08-24,543.5106201171875
1983-08-25,550.9461669921875
1983-08-26,548.5029907226562
1983-08-27,545.2262573242188
1983-08-28,541.7540893554688
1983-08-29,538.356689453125
1983-08-30,535.0329589843751
1983-08-31,531.9052734375
1983-09-01,563.2930908203125
1983-09-02,567.1962280273438
1983-09-03,585.7813110351562
1983-09-04,593.9496459960936
1983-09-05,596.5311889648438
1983-09-06,599.7648925781249
1983-09-07,596.7684326171875
1983-09-08,593.5870361328126
1983-09-09,590.2960815429689
1983-09-10,586.9935913085938
1983-09-11,583.6652221679688
1983-09-12,580.5471801757812
1983-09-13,582.333251953125
1983-09-14,585.998046875
1983-09-15,583.8436889648438
1983-09-16,581.5445556640625
1983-09-17,579.0680541992188
1983-09-18,576.3981323242188
1983-09-19,573.7623901367188
1983-09-20,587.8480834960938
1983-09-21,606.6136474609375
1983-09-22,605.4190673828125
1983-09-23,603.8389892578125
1983-09-24,602.1881103515625
1983-09-25,600.5482177734375
1983-09-26,598.8277587890625
1983-09-27,597.0737915039062
1983-09-28,595.2246093750001
1983-09-29,593.3358154296875
1983-09-30,591.5255126953125
1983-10-01,589.58642578125
1983-10-02,587.6239624023439
1983-10-03,585.5433959960936
1983-10-04,583.2745361328126
1983-10-05,580.8115844726562
1983-10-06,578.6987915039062
1983-10-07,576.7528686523439
1983-10-08,574.8586425781249
1983-10-09,572.9666137695312
1983-10-10,571.0630493164064
1983-10-11,569.3333129882812
1983-10-12,580.0823974609375
1983-10-13,590.3750610351562
1983-10-14,606.7908325195314
1983-10-15,605.3474731445314
1983-10-16,603.7191772460939
1983-10-17,602.0468139648439
1983-10-18,600.1129150390625
1983-10-19,598.2363891601562
1983-10-20,596.4088134765624
1983-10-21,594.7032470703125
1983-10-22,593.2828369140624
1983-10-23,602.1604003906251
1983-10-24,608.7691650390625
1983-10-25,607.2501831054689
1983-10-26,605.8485107421875
1983-10-27,604.5669555664062
1983-10-28,603.2819213867189
1983-10-29,601.830810546875
1983-10-30,600.3088989257812
1983-10-31,598.8742675781249
1983-11-01,597.3441772460939
1983-11-02,595.8794555664062
1983-11-03,594.3912353515625
1983-11-04,592.8013916015625
1983-11-05,591.5396118164062
1983-11-06,590.490478515625
1983-11-07,589.3815307617188
1983-11-08,588.0289916992189
1983-11-09,586.6001586914064
1983-11-10,586.300537109375
1983-11-11,585.3114624023439
1983-11-12,584.4850463867189
1983-11-13,583.6179809570314
1983-11-14,582.856201171875
1983-11-15,634.6325073242188
1983-11-16,654.6273803710938
1983-11-17,653.7327270507812
1983-11-18,652.7286987304689
1983-11-19,651.4771118164062
1983-11-20,676.6314086914064
1983-11-21,696.3045043945314
1983-11-22,694.6796264648438
1983-11-23,692.8101196289064
1983-11-24,728.7407836914062
1983-11-25,752.699462890625
1983-11-26,747.6575927734374
1983-11-27,743.2481079101561
1983-11-28,771.0930786132812
1983-11-29,759.9919433593751
1983-11-30,753.2202148437502
1983-12-01,747.8639526367188
1983-12-02,743.4808349609375
1983-12-03,768.0877075195312
1983-12-04,784.7429809570312
1983-12-05,763.5333251953125
1983-12-06,780.5848999023436
1983-12-07,763.9067382812499
1983-12-08,755.9798583984374
1983-12-09,750.2427978515625
1983-12-10,745.5511474609375
1983-12-11,767.2448120117186
1983-12-12,786.3194580078125
1983-12-13,763.892883300781
1983-12-14,758.8511352539062
1983-12-15,752.3784790039062
1983-12-16,747.507568359375
1983-12-17,743.336669921875
1983-12-18,739.821533203125
1983-12-19,736.8065185546875
1983-12-20,734.0570068359374
1983-12-21,731.6677856445312
1983-12-22,740.4613647460938
1983-12-23,737.4802856445312
1983-12-24,735.0709838867188
1983-12-25,733.1302490234374
1983-12-26,731.2811889648436
1983-12-27,729.3859863281249
1983-12-28,745.479248046875
1983-12-29,756.378967285156
1983-12-30,751.0839233398436
1983-12-31,746.91015625
1984-01-01,743.2694091796875
1984-01-02,739.9869995117188
1984-01-03,736.984375
1984-01-04,734.2637329101561
1984-01-05,731.5834960937501
1984-01-06,729.0064697265625
1984-01-07,726.6903686523438
1984-01-08,724.5740966796876
1984-01-09,722.4692382812499
1984-01-10,739.4002685546875
1984-01-11,763.606689453125
1984-01-12,756.0381469726561
1984-01-13,750.638916015625
1984-01-14,746.1939086914062
1984-01-15,746.6937866210938
1984-01-16,744.4367065429686
1984-01-17,740.7857055664062
1984-01-18,747.8649902343751
1984-01-19,771.9584960937501
1984-01-20,760.9371337890625
1984-01-21,754.2688598632812
1984-01-22,749.3233032226561
1984-01-23,745.2661132812499
1984-01-24,751.9539794921875
1984-01-25,752.404052734375
1984-01-26,747.3990478515625
1984-01-27,756.283935546875
1984-01-28,750.4164428710938
1984-01-29,745.7294921875
1984-01-30,741.7783813476561
1984-01-31,738.5826416015626
1984-02-01,735.706298828125
1984-02-02,732.9477539062499
1984-02-03,730.2514038085939
1984-02-04,733.9080810546874
1984-02-05,731.320068359375
1984-02-06,729.2842407226561
1984-02-07,727.4283447265626
1984-02-08,725.54296875
1984-02-09,723.5239868164064
1984-02-10,721.2907104492186
1984-02-11,721.7483520507811
1984-02-12,719.1226196289064
1984-02-13,745.8405151367188
1984-02-14,762.9400634765625
1984-02-15,754.8046875
1984-02-16,748.7638549804686
1984-02-17,743.7911376953125
1984-02-18,739.6303100585938
1984-02-19,735.8165283203124
1984-02-20,732.3331298828124
1984-02-21,729.4186401367188
1984-02-22,726.8842773437501
1984-02-23,735.7052612304686
1984-02-24,732.5941772460939
1984-02-25,732.5617675781249
1984-02-26,729.9114990234374
1984-02-27,769.2349243164062
1984-02-28,768.5576782226561
1984-02-29,758.9170532226561
1984-03-01,752.5838623046875
1984-03-02,747.5225219726561
1984-03-03,743.052978515625
1984-03-04,738.9983520507811
1984-03-05,735.1075439453125
1984-03-06,763.244445800781
1984-03-07,756.3536987304685
1984-03-08,750.2797241210938
1984-03-09,745.5416259765626
1984-03-10,741.8139038085939
1984-03-11,738.40625
1984-03-12,735.1316528320312
1984-03-13,740.7912597656249
1984-03-14,736.7391357421875
1984-03-15,732.830322265625
1984-03-16,729.0833129882814
1984-03-17,727.5667724609374
1984-03-18,728.24169921875
1984-03-19,724.6422729492188
1984-03-20,721.2571411132814
1984-03-21,741.9664306640626
1984-03-22,737.9848022460939
1984-03-23,734.0059814453125
1984-03-24,730.2497558593751
1984-03-25,743.7848510742188
1984-03-26,739.330383300781
1984-03-27,735.4244384765625
1984-03-28,755.08984375
1984-03-29,756.8285522460939
1984-03-30,750.4700317382811
1984-03-31,745.3847045898436
1984-04-01,740.9190063476561
1984-04-02,736.9940795898438
1984-04-03,749.5062255859374
1984-04-04,748.4375
1984-04-05,743.2183227539061
1984-04-06,738.9683837890625
1984-04-07,734.9940185546875
1984-04-08,731.0911254882814
1984-04-09,738.4196166992188
1984-04-10,757.3042602539061
1984-04-11,750.4896850585938
1984-04-12,744.8667602539061
1984-04-13,739.5841064453125
1984-04-14,736.8225708007811
1984-04-15,732.6977539062499
1984-04-16,729.3143920898438
1984-04-17,726.3401489257811
1984-04-18,723.5908203125
1984-04-19,720.9003906249999
1984-04-20,741.4657592773438
1984-04-21,736.6254272460939
1984-04-22,732.0952758789062
1984-04-23,741.1649780273436
1984-04-24,736.757568359375
1984-04-25,732.3624877929688
1984-04-26,727.8416748046875
1984-04-27,730.9750366210938
1984-04-28,726.4970703125
1984-04-29,722.267333984375
1984-04-30,717.8877563476561
1984-05-01,719.4761962890625
1984-05-02,715.7603759765625
1984-05-03,728.1592407226561
1984-05-04,769.5952758789062
1984-05-05,757.3421630859375
1984-05-06,748.4210205078125
1984-05-07,741.1424560546875
1984-05-08,735.5318603515625
1984-05-09,731.6205444335938
1984-05-10,728.0037231445311
1984-05-11,724.2578735351562
1984-05-12,720.2872924804688
1984-05-13,715.9252319335938
1984-05-14,711.5344238281249
1984-05-15,708.1244506835938
1984-05-16,705.2091064453125
1984-05-17,702.45556640625
1984-05-18,699.5263061523438
1984-05-19,696.1549072265625
1984-05-20,692.5940551757812
1984-05-21,688.9795532226562
1984-05-22,701.6617431640625
1984-05-23,704.1463012695312
1984-05-24,700.2538452148438
1984-05-25,696.6087646484375
1984-05-26,692.6561889648438
1984-05-27,695.7164916992189
1984-05-28,691.6900634765624
1984-05-29,715.790771484375
1984-05-30,712.9755249023438
1984-05-31,710.2838745117189
1984-06-01,707.2053833007812
1984-06-02,703.623779296875
1984-06-03,699.5551147460938
1984-06-04,695.3807983398436
1984-06-05,691.0390014648438
1984-06-06,686.7300415039062
1984-06-07,682.3927001953125
1984-06-08,678.4328613281249
1984-06-09,674.5203857421875
1984-06-10,670.5455322265625
1984-06-11,666.4848022460939
1984-06-12,662.392333984375
1984-06-13,658.3916015625
1984-06-14,654.442626953125
1984-06-15,650.4113159179688
1984-06-16,646.2167358398438
1984-06-17,642.068603515625
1984-06-18,637.8762817382811
1984-06-19,633.4554443359375
1984-06-20,628.8335571289064
1984-06-21,624.4776611328125
1984-06-22,628.755126953125
1984-06-23,625.1323852539064
1984-06-24,621.3796386718751
1984-06-25,627.5901489257812
1984-06-26,624.0409545898436
1984-06-27,620.109375
1984-06-28,616.2947998046875
1984-06-29,612.7305908203125
1984-06-30,622.28857421875
1984-07-01,627.2867431640625
1984-07-02,638.564453125
1984-07-03,640.3355712890625
1984-07-04,636.4322509765624
1984-07-05,632.3762817382811
1984-07-06,628.6068725585939
1984-07-07,640.5216064453125
1984-07-08,636.7830200195312
1984-07-09,632.9562377929688
1984-07-10,628.8903198242188
1984-07-11,624.5277099609375
1984-07-12,620.2545776367188
1984-07-13,616.3023681640624
1984-07-14,648.3978271484375
1984-07-15,644.4605712890625
1984-07-16,640.44580078125
1984-07-17,648.784912109375
1984-07-18,659.491455078125
1984-07-19,679.2023315429689
1984-07-20,675.47607421875
1984-07-21,671.6660766601564
1984-07-22,667.9061279296875
1984-07-23,694.0193481445314
1984-07-24,698.8983764648438
1984-07-25,694.4158935546875
1984-07-26,705.022705078125
1984-07-27,710.569580078125
1984-07-28,712.6152954101564
1984-07-29,721.0711059570311
1984-07-30,736.5213623046875
1984-07-31,755.1555786132812
1984-08-01,763.8374633789062
1984-08-02,810.6541748046875
1984-08-03,768.4360351562498
1984-08-04,755.9420166015626
1984-08-05,746.8574218750001
1984-08-06,756.1341552734374
1984-08-07,746.9041748046875
1984-08-08,739.39794921875
1984-08-09,732.9099731445311
1984-08-10,726.9971313476561
1984-08-11,721.6460571289062
1984-08-12,719.094970703125
1984-08-13,717.2427368164064
1984-08-14,712.6417236328125
1984-08-15,707.9046020507812
1984-08-16,703.2476806640625
1984-08-17,703.1966552734376
1984-08-18,698.84033203125
1984-08-19,694.5256958007814
1984-08-20,690.5459594726562
1984-08-21,686.7269897460939
1984-08-22,682.9993896484375
1984-08-23,679.1752319335938
1984-08-24,675.6471557617188
1984-08-25,672.1239013671875
1984-08-26,668.661376953125
1984-08-27,665.261962890625
1984-08-28,661.8137817382811
1984-08-29,658.5680541992188
1984-08-30,658.8496704101562
1984-08-31,655.23046875
1984-09-01,651.7468872070312
1984-09-02,648.242431640625
1984-09-03,644.7064208984375
1984-09-04,641.4677734375
1984-09-05,638.893310546875
1984-09-06,636.3823852539064
1984-09-07,633.9501953124999
1984-09-08,631.5867919921875
1984-09-09,629.115478515625
1984-09-10,626.3950805664062
1984-09-11,623.4841308593751
1984-09-12,620.2772216796876
1984-09-13,617.0276489257812
1984-09-14,613.8048706054688
1984-09-15,610.5055541992188
1984-09-16,607.8482666015625
1984-09-17,605.7907104492188
1984-09-18,603.7500610351562
1984-09-19,601.7338256835938
1984-09-20,599.6649780273438
1984-09-21,597.4547729492189
1984-09-22,595.1272583007814
1984-09-23,592.7196655273438
1984-09-24,590.1192016601564
1984-09-25,587.5133666992189
1984-09-26,584.8385009765624
1984-09-27,582.2332153320312
1984-09-28,580.257568359375
1984-09-29,578.3190307617188
1984-09-30,576.4682006835938
1984-10-01,583.8111572265625
1984-10-02,582.4972534179688
1984-10-03,581.0352783203124
1984-10-04,579.298095703125
1984-10-05,577.3592529296875
1984-10-06,575.4150390624999
1984-10-07,573.4876708984375
1984-10-08,571.4621582031249
1984-10-09,569.4136962890625
1984-10-10,567.400390625
1984-10-11,565.3919677734375
1984-10-12,563.5291137695312
1984-10-13,561.572998046875
1984-10-14,559.55419921875
1984-10-15,557.39404296875
1984-10-16,555.8232421875
1984-10-17,565.4893188476562
1984-10-18,563.2409057617188
1984-10-19,560.9871215820312
1984-10-20,558.8005981445312
1984-10-21,556.5982055664064
1984-10-22,571.8800048828125
1984-10-23,569.61865234375
1984-10-24,567.3944091796875
1984-10-25,565.3125610351562
1984-10-26,563.3992919921875
1984-10-27,561.4122924804688
1984-10-28,559.187255859375
1984-10-29,574.5628662109375
1984-10-30,572.3526000976562
1984-10-31,570.3196411132814
1984-11-01,568.5267333984375
1984-11-02,566.8049926757812
1984-11-03,565.3156738281249
1984-11-04,564.2251586914064
1984-11-05,567.2034912109375
1984-11-06,566.1021118164064
1984-11-07,565.2688598632812
1984-11-08,564.3972778320314
1984-11-09,563.4527587890625
1984-11-10,562.2694702148438
1984-11-11,579.1453857421875
1984-11-12,578.3178100585938
1984-11-13,577.5359497070314
1984-11-14,576.6573486328125
1984-11-15,575.6272583007814
1984-11-16,574.4360961914062
1984-11-17,573.6390380859376
1984-11-18,572.57080078125
1984-11-19,575.3563842773438
1984-11-20,574.7003173828125
1984-11-21,574.0345458984375
1984-11-22,573.3812255859375
1984-11-23,572.6283569335938
1984-11-24,571.7905883789064
1984-11-25,570.8814697265625
1984-11-26,569.8722534179688
1984-11-27,568.6359863281249
1984-11-28,595.3107910156249
1984-11-29,594.517333984375
1984-11-30,593.6779174804686
1984-12-01,596.0589599609375
1984-12-02,595.0643310546874
1984-12-03,612.1350708007814
1984-12-04,611.31884765625
1984-12-05,639.8780517578125
1984-12-06,650.3892211914064
1984-12-07,649.8478393554688
1984-12-08,649.1270141601562
1984-12-09,648.1541748046875
1984-12-10,646.9786987304689
1984-12-11,645.8216552734376
1984-12-12,644.6581420898438
1984-12-13,643.2249755859375
1984-12-14,641.7592163085938
1984-12-15,640.3596191406249
1984-12-16,639.0045166015625
1984-12-17,637.56201171875
1984-12-18,635.9832763671875
1984-12-19,634.3479003906251
1984-12-20,632.7137451171876
1984-12-21,631.1825561523438
1984-12-22,633.9371948242188
1984-12-23,632.9114990234376
1984-12-24,631.686279296875
1984-12-25,630.2946166992189
1984-12-26,629.0906372070312
1984-12-27,627.973876953125
1984-12-28,626.6280517578125
1984-12-29,625.060302734375
1984-12-30,623.4089965820312
1984-12-31,621.8070068359375
1985-01-01,620.1348876953125
1985-01-02,631.8526611328125
1985-01-03,660.1367797851562
1985-01-04,677.676025390625
1985-01-05,677.0663452148438
1985-01-06,676.3470458984375
1985-01-07,675.4523925781249
1985-01-08,674.502197265625
1985-01-09,673.6482543945314
1985-01-10,672.7657470703125
1985-01-11,673.4242553710939
1985-01-12,672.72021484375
1985-01-13,672.0569458007814
1985-01-14,671.2597656249999
1985-01-15,670.4815673828125
1985-01-16,669.7757568359375
1985-01-17,686.5716552734376
1985-01-18,687.861572265625
1985-01-19,686.7765502929689
1985-01-20,686.0379638671874
1985-01-21,685.6622314453125
1985-01-22,685.1632080078125
1985-01-23,684.455810546875
1985-01-24,683.6254272460939
1985-01-25,682.6343383789064
1985-01-26,681.8314819335938
1985-01-27,681.1614379882814
1985-01-28,681.8917846679688
1985-01-29,681.1163330078125
1985-01-30,680.2659301757812
1985-01-31,693.5439453124999
1985-02-01,713.0680541992188
1985-02-02,740.0806884765625
1985-02-03,737.0686645507811
1985-02-04,734.3267211914061
1985-02-05,758.8286132812499
1985-02-06,807.3690795898438
1985-02-07,762.3775024414062
1985-02-08,755.1683959960936
1985-02-09,749.8296508789062
1985-02-10,745.3675537109375
1985-02-11,741.4568481445312
1985-02-12,750.9071655273436
1985-02-13,746.5502929687501
1985-02-14,742.8222045898436
1985-02-15,739.60205078125
1985-02-16,736.7589721679686
1985-02-17,733.9820556640626
1985-02-18,731.2239990234374
1985-02-19,728.5404052734374
1985-02-20,735.5859375
1985-02-21,732.5587158203125
1985-02-22,729.4892578125
1985-02-23,726.2891235351562
1985-02-24,723.1719360351561
1985-02-25,729.9371948242188
1985-02-26,739.5870971679686
1985-02-27,735.6719970703125
1985-02-28,732.517333984375
1985-03-01,729.596008300781
1985-03-02,731.488525390625
1985-03-03,728.4207763671875
1985-03-04,725.2336425781249
1985-03-05,722.1629638671874
1985-03-06,719.8192138671874
1985-03-07,717.6154174804686
1985-03-08,715.1912841796875
1985-03-09,712.4024047851562
1985-03-10,710.1172485351562
1985-03-11,707.5812377929688
1985-03-12,704.8594360351561
1985-03-13,702.7662353515625
1985-03-14,700.2959594726562
1985-03-15,698.003662109375
1985-03-16,696.2819213867189
1985-03-17,696.2196655273438
1985-03-18,694.7073974609375
1985-03-19,693.3681030273438
1985-03-20,691.7744750976562
1985-03-21,693.0423583984375
1985-03-22,702.2803344726562
1985-03-23,701.8155517578125
1985-03-24,702.7005615234376
1985-03-25,700.8992309570314
1985-03-26,699.0796508789064
1985-03-27,696.9847412109375
1985-03-28,694.3894653320312
1985-03-29,691.4295043945314
1985-03-30,688.4547119140624
1985-03-31,685.5580444335938
1985-04-01,688.6948852539064
1985-04-02,687.0481567382812
1985-04-03,685.3438110351562
1985-04-04,682.9358520507812
1985-04-05,680.3993530273438
1985-04-06,698.7461547851562
1985-04-07,696.3494262695312
1985-04-08,694.2758178710938
1985-04-09,692.6708984375
1985-04-10,691.1088256835938
1985-04-11,689.2954711914064
1985-04-12,687.0219116210938
1985-04-13,684.434814453125
1985-04-14,682.0228881835938
1985-04-15,695.0588989257812
1985-04-16,692.6149291992188
1985-04-17,689.9169311523439
1985-04-18,687.0537109375001
1985-04-19,684.2062377929688
1985-04-20,681.2684936523439
1985-04-21,678.23291015625
1985-04-22,675.4343261718751
1985-04-23,672.638427734375
1985-04-24,674.2571411132814
1985-04-25,685.0226440429689
1985-04-26,682.1074218750001
1985-04-27,678.6856689453126
1985-04-28,675.3179321289064
1985-04-29,672.0143432617188
1985-04-30,669.0211181640624
1985-05-01,666.4326171875
1985-05-02,663.8931274414064
1985-05-03,685.4232177734375
1985-05-04,682.8926391601562
1985-05-05,680.513427734375
1985-05-06,677.8038330078125
1985-05-07,674.6276245117189
1985-05-08,677.3244018554688
1985-05-09,680.5537719726562
1985-05-10,682.5446166992189
1985-05-11,679.2991333007812
1985-05-12,675.87353515625
1985-05-13,696.1569824218751
1985-05-14,692.3353271484375
1985-05-15,688.3676147460938
1985-05-16,684.8636474609375
1985-05-17,681.7354125976561
1985-05-18,679.0011596679689
1985-05-19,676.3162231445314
1985-05-20,673.4165039062499
1985-05-21,670.0263671875
1985-05-22,666.3198852539064
1985-05-23,666.4918823242188
1985-05-24,663.5160522460939
1985-05-25,660.7073974609375
1985-05-26,657.8543090820312
1985-05-27,654.7469482421875
1985-05-28,651.4030761718751
1985-05-29,651.3127441406249
1985-05-30,650.197998046875
1985-05-31,646.5837402343751
1985-06-01,642.5471801757812
1985-06-02,638.0269165039062
1985-06-03,633.4266967773438
1985-06-04,628.882080078125
1985-06-05,624.2103271484375
1985-06-06,619.5220336914064
1985-06-07,624.0421752929689
1985-06-08,632.7949829101562
1985-06-09,629.0919799804688
1985-06-10,625.0909423828124
1985-06-11,628.0722045898436
1985-06-12,628.5400390624999
1985-06-13,625.9401245117189
1985-06-14,623.3549804687499
1985-06-15,620.5359497070314
1985-06-16,626.6248168945314
1985-06-17,623.04541015625
1985-06-18,619.1991577148438
1985-06-19,620.2635498046875
1985-06-20,617.5059204101562
1985-06-21,614.5265502929689
1985-06-22,611.3094482421875
1985-06-23,607.8125610351562
1985-06-24,612.7962036132812
1985-06-25,620.6798095703124
1985-06-26,616.821044921875
1985-06-27,612.8968505859375
1985-06-28,609.4249877929688
1985-06-29,606.0722045898436
1985-06-30,612.3424682617189
1985-07-01,612.7951049804688
1985-07-02,609.6292724609374
1985-07-03,606.30712890625
1985-07-04,602.7930908203125
1985-07-05,610.9276733398436
1985-07-06,615.9423217773436
1985-07-07,624.1506958007814
1985-07-08,620.5522460937501
1985-07-09,616.7107543945314
1985-07-10,612.5848388671875
1985-07-11,608.4371948242188
1985-07-12,611.6814575195312
1985-07-13,607.8900756835938
1985-07-14,604.0986328125
1985-07-15,610.1723022460939
1985-07-16,620.7974853515625
1985-07-17,631.66455078125
1985-07-18,627.8955688476561
1985-07-19,624.1838989257812
1985-07-20,620.32666015625
1985-07-21,616.3705444335938
1985-07-22,612.3950805664062
1985-07-23,608.7384643554688
1985-07-24,638.5387573242188
1985-07-25,640.6923828125
1985-07-26,648.9207763671875
1985-07-27,652.66943359375
1985-07-28,657.4882202148438
1985-07-29,672.6085205078125
1985-07-30,673.4649658203125
1985-07-31,669.451904296875
1985-08-01,665.2575073242188
1985-08-02,671.0519409179688
1985-08-03,667.639404296875
1985-08-04,664.6512451171876
1985-08-05,661.5594482421875
1985-08-06,658.1983642578125
1985-08-07,654.7338867187499
1985-08-08,657.0418701171876
1985-08-09,653.3534545898436
1985-08-10,649.5731201171876
1985-08-11,645.66943359375
1985-08-12,641.7943725585939
1985-08-13,638.0527954101564
1985-08-14,634.2964477539062
1985-08-15,630.7026367187499
1985-08-16,627.011962890625
1985-08-17,623.6917114257812
1985-08-18,620.1408081054689
1985-08-19,616.6219482421875
1985-08-20,612.9249267578124
1985-08-21,609.4372558593751
1985-08-22,606.1884765625
1985-08-23,603.0045166015625
1985-08-24,599.7947387695312
1985-08-25,604.7147827148438
1985-08-26,611.0376586914064
1985-08-27,614.86279296875
1985-08-28,611.6719360351561
1985-08-29,608.61279296875
1985-08-30,611.233154296875
1985-08-31,614.5480346679688
1985-09-01,611.502197265625
1985-09-02,613.3907470703125
1985-09-03,615.0750122070312
1985-09-04,611.7256469726562
1985-09-05,608.4658813476561
1985-09-06,605.2235107421875
1985-09-07,601.9013671875
1985-09-08,598.4890136718751
1985-09-09,595.1934204101562
1985-09-10,591.8483886718751
1985-09-11,588.5005493164062
1985-09-12,585.4007568359375
1985-09-13,583.0056152343751
1985-09-14,581.3672485351562
1985-09-15,579.6206665039062
1985-09-16,577.71142578125
1985-09-17,575.7418212890625
1985-09-18,573.6243286132812
1985-09-19,571.423583984375
1985-09-20,569.0862426757812
1985-09-21,566.7778930664062
1985-09-22,564.5628662109375
1985-09-23,562.1762084960938
1985-09-24,566.6033935546875
1985-09-25,564.336669921875
1985-09-26,562.0496215820312
1985-09-27,560.2269287109375
1985-09-28,558.6849975585938
1985-09-29,557.0329589843751
1985-09-30,555.0765991210938
1985-10-01,552.8427124023438
1985-10-02,576.047119140625
1985-10-03,577.7054443359375
1985-10-04,594.6944580078125
1985-10-05,592.5587158203125
1985-10-06,591.1436157226562
1985-10-07,589.759521484375
1985-10-08,588.3430175781249
1985-10-09,586.5301513671875
1985-10-10,584.5023803710938
1985-10-11,582.2914428710938
1985-10-12,580.0501098632812
1985-10-13,577.7273559570314
1985-10-14,575.4241333007812
1985-10-15,572.9754028320314
1985-10-16,578.8823852539064
1985-10-17,576.7324218750001
1985-10-18,574.7051391601562
1985-10-19,572.6441650390624
1985-10-20,570.606689453125
1985-10-21,568.4097290039062
1985-10-22,566.632080078125
1985-10-23,565.060302734375
1985-10-24,563.9340209960938
1985-10-25,562.0995483398438
1985-10-26,560.3167724609375
1985-10-27,566.3720092773438
1985-10-28,580.3755493164062
1985-10-29,578.8880615234376
1985-10-30,579.7952880859376
1985-10-31,587.8893432617188
1985-11-01,609.5721435546875
1985-11-02,609.3014526367189
1985-11-03,620.9937133789064
1985-11-04,624.9030761718751
1985-11-05,623.9082641601562
1985-11-06,622.737060546875
1985-11-07,621.49951171875
1985-11-08,620.4103393554688
1985-11-09,619.3326416015625
1985-11-10,617.9385375976561
1985-11-11,616.2705688476561
1985-11-12,614.5302124023439
1985-11-13,612.6582641601562
1985-11-14,610.9052124023439
1985-11-15,609.0591430664062
1985-11-16,607.177978515625
1985-11-17,605.3161010742188
1985-11-18,603.4774780273438
1985-11-19,601.579833984375
1985-11-20,600.0611572265625
1985-11-21,625.2036132812501
1985-11-22,667.8122558593751
1985-11-23,666.2457275390626
1985-11-24,664.6687622070312
1985-11-25,663.0654907226562
1985-11-26,663.132080078125
1985-11-27,660.9754638671874
1985-11-28,658.8584594726562
1985-11-29,668.9640502929689
1985-11-30,691.9091796875
1985-12-01,700.72119140625
1985-12-02,708.0866088867189
1985-12-03,706.89990234375
1985-12-04,705.6932373046875
1985-12-05,704.4292602539064
1985-12-06,703.230224609375
1985-12-07,702.1043701171876
1985-12-08,700.8016967773438
1985-12-09,699.2581787109375
1985-12-10,697.7467651367189
1985-12-11,696.0160522460939
1985-12-12,700.0868530273438
1985-12-13,722.0128173828125
1985-12-14,720.2228393554688
1985-12-15,718.8472290039062
1985-12-16,717.3691406249999
1985-12-17,715.8160400390625
1985-12-18,714.33056640625
1985-12-19,713.0515136718751
1985-12-20,711.7894287109375
1985-12-21,710.6385498046875
1985-12-22,709.4808349609375
1985-12-23,708.1057739257812
1985-12-24,706.5872802734376
1985-12-25,705.4408569335938
1985-12-26,704.6683349609375
1985-12-27,703.646728515625
1985-12-28,704.201904296875
1985-12-29,703.0238647460938
1985-12-30,701.9058837890625
1985-12-31,700.799072265625
1986-01-01,713.7411499023438
1986-01-02,712.1847534179688
1986-01-03,710.3732299804688
1986-01-04,708.8168945312501
1986-01-05,707.5267333984375
1986-01-06,706.3931274414064
1986-01-07,705.0624389648438
1986-01-08,703.9097290039062
1986-01-09,702.9605712890625
1986-01-10,704.1151123046875
1986-01-11,704.8485717773436
1986-01-12,703.506103515625
1986-01-13,702.1988525390625
1986-01-14,701.0436401367189
1986-01-15,699.830810546875
1986-01-16,698.5686645507814
1986-01-17,696.9818115234376
1986-01-18,695.31787109375
1986-01-19,704.4140625
1986-01-20,703.0319213867189
1986-01-21,701.4939575195312
1986-01-22,699.8153686523439
1986-01-23,698.361083984375
1986-01-24,697.2505493164062
1986-01-25,696.1026611328125
1986-01-26,708.5362548828124
1986-01-27,707.578125
1986-01-28,706.7687377929688
1986-01-29,705.6280517578125
1986-01-30,704.3122558593751
1986-01-31,702.9803466796876
1986-02-01,701.561279296875
1986-02-02,699.8385009765624
1986-02-03,697.9561767578124
1986-02-04,696.0736083984375
1986-02-05,704.2752685546875
1986-02-06,710.5165405273438
1986-02-07,710.9555053710939
1986-02-08,709.2003784179688
1986-02-09,707.4459228515625
1986-02-10,713.4376831054689
1986-02-11,731.5060424804686
1986-02-12,729.4224243164062
1986-02-13,727.5068359375001
1986-02-14,725.6021728515625
1986-02-15,733.1314086914062
1986-02-16,730.5217895507812
1986-02-17,727.6641845703125
1986-02-18,739.2305297851561
1986-02-19,735.1529541015626
1986-02-20,731.3500976562499
1986-02-21,727.7884521484375
1986-02-22,724.6254272460939
1986-02-23,722.1508178710938
1986-02-24,720.0286865234376
1986-02-25,718.0617675781249
1986-02-26,716.0178833007812
1986-02-27,715.690185546875
1986-02-28,713.9478759765625
1986-03-01,712.4893798828124
1986-03-02,711.0515136718751
1986-03-03,709.1920776367188
1986-03-04,707.3584594726562
1986-03-05,705.8406372070312
1986-03-06,704.1680908203125
1986-03-07,702.4376220703125
1986-03-08,700.8508911132814
1986-03-09,699.1033325195314
1986-03-10,696.7078857421875
1986-03-11,694.0084838867189
1986-03-12,691.5060424804688
1986-03-13,712.9833374023439
1986-03-14,731.6774902343751
1986-03-15,728.3702392578125
1986-03-16,726.9154052734374
1986-03-17,723.9952392578125
1986-03-18,720.8954467773438
1986-03-19,741.8756103515625
1986-03-20,776.44921875
1986-03-21,764.6180419921875
1986-03-22,756.3081665039062
1986-03-23,750.2243652343751
1986-03-24,744.7918701171876
1986-03-25,740.0440673828125
1986-03-26,735.7703857421875
1986-03-27,731.7128906249999
1986-03-28,728.2160034179686
1986-03-29,724.9303588867186
1986-03-30,721.68359375
1986-03-31,718.3439331054689
1986-04-01,714.9578857421875
1986-04-02,711.6294555664062
1986-04-03,708.4566040039064
1986-04-04,705.2286376953125
1986-04-05,702.1415405273438
1986-04-06,698.9968872070312
1986-04-07,695.7703857421875
1986-04-08,692.6432495117189
1986-04-09,690.3963623046875
1986-04-10,688.6368408203125
1986-04-11,686.6889038085939
1986-04-12,684.5722656249999
1986-04-13,682.2174682617189
1986-04-14,679.67919921875
1986-04-15,676.9941406249999
1986-04-16,675.0272827148438
1986-04-17,673.4775390624999
1986-04-18,671.6756591796875
1986-04-19,669.5314331054689
1986-04-20,667.2760620117188
1986-04-21,680.8366088867189
1986-04-22,679.9241333007812
1986-04-23,678.3560180664062
1986-04-24,676.5021362304689
1986-04-25,673.9990844726562
1986-04-26,670.8426513671875
1986-04-27,667.3486938476562
1986-04-28,664.10107421875
1986-04-29,661.3494262695312
1986-04-30,658.5694580078125
1986-05-01,655.371337890625
1986-05-02,652.2740478515625
1986-05-03,649.9100341796875
1986-05-04,647.8215942382812
1986-05-05,645.4287109375001
1986-05-06,642.4990234375
1986-05-07,639.2156982421875
1986-05-08,639.0980834960938
1986-05-09,635.8438720703125
1986-05-10,633.037353515625
1986-05-11,630.5218505859375
1986-05-12,627.8012695312501
1986-05-13,625.4356079101562
1986-05-14,622.5732421875
1986-05-15,619.6400756835938
1986-05-16,616.6886596679689
1986-05-17,613.6781616210938
1986-05-18,610.66357421875
1986-05-19,630.5174560546875
1986-05-20,627.7686157226562
1986-05-21,625.4822387695312
1986-05-22,623.3132324218751
1986-05-23,620.6724853515625
1986-05-24,617.4884033203124
1986-05-25,614.5511474609375
1986-05-26,611.1834106445312
1986-05-27,618.5775756835938
1986-05-28,624.0460205078125
1986-05-29,640.7228393554688
1986-05-30,636.9895629882814
1986-05-31,633.1947631835936
1986-06-01,629.5521850585938
1986-06-02,625.7526245117189
1986-06-03,622.1755981445314
1986-06-04,618.99609375
1986-06-05,615.6488037109375
1986-06-06,612.1243896484375
1986-06-07,608.3495483398436
1986-06-08,605.763427734375
1986-06-09,601.8596191406249
1986-06-10,611.6651611328125
1986-06-11,614.5603637695312
1986-06-12,610.6140747070312
1986-06-13,606.9916381835938
1986-06-14,603.4522094726562
1986-06-15,599.9318847656249
1986-06-16,596.2437133789064
1986-06-17,592.3448486328125
1986-06-18,588.5068969726562
1986-06-19,584.8370971679688
1986-06-20,581.1639404296876
1986-06-21,577.2712402343751
1986-06-22,573.6317749023438
1986-06-23,569.9251098632812
1986-06-24,565.7589721679688
1986-06-25,561.8450927734375
1986-06-26,557.9263305664064
1986-06-27,554.0018310546874
1986-06-28,566.323974609375
1986-06-29,562.6433715820312
1986-06-30,559.0856323242188
1986-07-01,555.38232421875
1986-07-02,561.3880615234375
1986-07-03,558.0955200195312
1986-07-04,554.8341064453125
1986-07-05,551.3630371093751
1986-07-06,547.8665161132812
1986-07-07,544.1768798828125
1986-07-08,540.0833129882812
1986-07-09,535.7830200195312
1986-07-10,531.7264404296876
1986-07-11,527.8035278320314
1986-07-12,523.9520263671876
1986-07-13,520.0279541015625
1986-07-14,516.3057250976562
1986-07-15,520.8719482421875
1986-07-16,522.1318359375001
1986-07-17,518.3938598632812
1986-07-18,514.6947021484375
1986-07-19,510.5802917480469
1986-07-20,506.48565673828125
1986-07-21,502.4118957519532
1986-07-22,498.7435302734375
1986-07-23,495.28060913085943
1986-07-24,496.2351379394531
1986-07-25,492.87606811523443
1986-07-26,491.68261718750006
1986-07-27,488.50729370117193
1986-07-28,485.2369689941407
1986-07-29,481.66311645507807
1986-07-30,478.27362060546875
1986-07-31,475.0521545410157
1986-08-01,477.5807189941407
1986-08-02,474.30633544921886
1986-08-03,471.0682067871094
1986-08-04,468.1686706542969
1986-08-05,465.233154296875
1986-08-06,462.5885925292969
1986-08-07,459.6734924316406
1986-08-08,462.7038879394531
1986-08-09,461.97109985351557
1986-08-10,459.15606689453125
1986-08-11,468.86645507812494
1986-08-12,488.01574707031244
1986-08-13,501.06066894531256
1986-08-14,508.1608276367188
1986-08-15,505.3153686523437
1986-08-16,502.30471801757807
1986-08-17,507.7860107421875
1986-08-18,504.9227600097657
1986-08-19,507.19030761718756
1986-08-20,504.4256591796875
1986-08-21,510.480926513672
1986-08-22,507.6417846679687
1986-08-23,504.6591796875
1986-08-24,501.5653991699218
1986-08-25,498.5865478515625
1986-08-26,495.7283630371094
1986-08-27,500.2905883789063
1986-08-28,507.40869140625
1986-08-29,505.39517211914057
1986-08-30,509.4620361328125
1986-08-31,525.5017089843751
1986-09-01,536.43310546875
1986-09-02,534.6759033203124
1986-09-03,539.3116455078125
1986-09-04,546.8902587890625
1986-09-05,565.7024536132812
1986-09-06,574.8624877929688
1986-09-07,572.0787353515625
1986-09-08,569.4155883789064
1986-09-09,566.9033813476562
1986-09-10,564.4477539062499
1986-09-11,561.78271484375
1986-09-12,558.982421875
1986-09-13,556.6094360351561
1986-09-14,554.2630004882812
1986-09-15,551.8695068359375
1986-09-16,554.6657104492188
1986-09-17,557.1318969726562
1986-09-18,564.1760864257812
1986-09-19,561.7993774414064
1986-09-20,559.1867065429689
1986-09-21,556.35498046875
1986-09-22,553.6197509765625
1986-09-23,551.0155639648439
1986-09-24,548.3526611328125
1986-09-25,545.627197265625
1986-09-26,542.847900390625
1986-09-27,540.0680541992188
1986-09-28,537.2702636718751
1986-09-29,534.6045532226562
1986-09-30,532.00146484375
1986-10-01,529.4293212890625
1986-10-02,526.77197265625
1986-10-03,524.1839599609376
1986-10-04,521.6273193359375
1986-10-05,519.0923461914062
1986-10-06,517.0028686523438
1986-10-07,515.1419067382812
1986-10-08,513.21240234375
1986-10-09,517.5907592773438
1986-10-10,533.2762451171875
1986-10-11,532.0360107421875
1986-10-12,537.93505859375
1986-10-13,542.2849731445312
1986-10-14,583.2455444335938
1986-10-15,581.7538452148438
1986-10-16,580.4807739257812
1986-10-17,579.2061767578124
1986-10-18,577.8717041015625
1986-10-19,576.6138916015625
1986-10-20,575.3858642578125
1986-10-21,574.0571899414064
1986-10-22,572.6781616210938
1986-10-23,571.32080078125
1986-10-24,569.8012084960938
1986-10-25,584.3443603515625
1986-10-26,599.2981567382812
1986-10-27,597.805419921875
1986-10-28,596.3911743164062
1986-10-29,595.0076293945314
1986-10-30,593.5634765625
1986-10-31,592.0394897460939
1986-11-01,608.7153930664062
1986-11-02,607.0477294921875
1986-11-03,605.3310546875001
1986-11-04,603.5979614257812
1986-11-05,601.880126953125
1986-11-06,599.9010009765624
1986-11-07,597.8211669921875
1986-11-08,595.6561889648438
1986-11-09,593.58837890625
1986-11-10,591.8051147460938
1986-11-11,590.3807373046875
1986-11-12,596.4198608398438
1986-11-13,595.3629150390625
1986-11-14,594.7274780273438
1986-11-15,604.9290771484375
1986-11-16,607.9083251953125
1986-11-17,621.9161987304689
1986-11-18,620.0773925781249
1986-11-19,618.7192993164062
1986-11-20,656.2974243164062
1986-11-21,673.03173828125
1986-11-22,671.9714965820312
1986-11-23,670.6467895507814
1986-11-24,669.1082763671875
1986-11-25,670.2772827148438
1986-11-26,682.2288818359376
1986-11-27,693.0609130859376
1986-11-28,696.7703857421875
1986-11-29,702.0252685546875
1986-11-30,730.8558959960936
1986-12-01,760.1387329101561
1986-12-02,762.4385375976561
1986-12-03,754.8950805664062
1986-12-04,749.4376831054686
1986-12-05,745.0203247070311
1986-12-06,741.4224853515625
1986-12-07,738.2565307617188
1986-12-08,735.1317749023436
1986-12-09,731.904296875
1986-12-10,735.6302490234374
1986-12-11,739.80419921875
1986-12-12,744.3563842773438
1986-12-13,740.841064453125
1986-12-14,737.8516845703125
1986-12-15,734.9377441406249
1986-12-16,732.0468139648436
1986-12-17,729.3347778320312
1986-12-18,734.0306396484375
1986-12-19,731.9165649414062
1986-12-20,729.4045410156249
1986-12-21,727.1305541992186
1986-12-22,725.1452636718751
1986-12-23,731.4439697265625
1986-12-24,756.271728515625
1986-12-25,750.4478759765626
1986-12-26,745.864501953125
1986-12-27,741.9578857421875
1986-12-28,738.6828613281249
1986-12-29,735.7919311523436
1986-12-30,733.178466796875
1986-12-31,730.8720703125
1987-01-01,753.1210327148436
1987-01-02,751.5684814453125
1987-01-03,747.0289306640626
1987-01-04,743.184814453125
1987-01-05,746.6400146484375
1987-01-06,742.7495117187501
1987-01-07,739.2337646484375
1987-01-08,736.1155395507812
1987-01-09,733.3570556640626
1987-01-10,735.502685546875
1987-01-11,732.9749145507811
1987-01-12,730.608154296875
1987-01-13,728.114501953125
1987-01-14,725.673095703125
1987-01-15,727.2752685546875
1987-01-16,726.0052490234374
1987-01-17,732.7830200195312
1987-01-18,754.2550659179686
1987-01-19,771.3984375
1987-01-20,760.3685913085938
1987-01-21,753.6195678710938
1987-01-22,785.1267089843751
1987-01-23,765.6809082031249
1987-01-24,757.2213745117186
1987-01-25,767.3440551757811
1987-01-26,776.852294921875
1987-01-27,762.9083862304686
1987-01-28,755.3964233398436
1987-01-29,749.8016967773438
1987-01-30,744.7201538085939
1987-01-31,740.8073120117186
1987-02-01,737.5040283203124
1987-02-02,740.2398071289062
1987-02-03,743.230224609375
1987-02-04,739.4219970703125
1987-02-05,736.0675659179686
1987-02-06,738.1843261718751
1987-02-07,760.1918334960938
1987-02-08,753.0618896484375
1987-02-09,747.9000854492186
1987-02-10,743.8319702148436
1987-02-11,740.1047973632812
1987-02-12,736.2821044921875
1987-02-13,733.0150756835938
1987-02-14,729.9963989257811
1987-02-15,727.1770629882814
1987-02-16,738.9746704101561
1987-02-17,737.5482177734374
1987-02-18,734.7929077148436
1987-02-19,732.1683349609375
1987-02-20,729.6807861328126
1987-02-21,727.2596435546875
1987-02-22,737.9823608398438
1987-02-23,747.1932983398436
1987-02-24,743.0377197265625
1987-02-25,739.3965454101561
1987-02-26,748.3076171875
1987-02-27,772.5006713867188
1987-02-28,788.4373779296875
1987-03-01,784.7835693359374
1987-03-02,763.5153808593751
1987-03-03,755.1434936523438
1987-03-04,749.081298828125
1987-03-05,744.3308715820312
1987-03-06,740.4268188476561
1987-03-07,736.8328857421875
1987-03-08,748.7642211914061
1987-03-09,754.6722412109375
1987-03-10,748.7631225585939
1987-03-11,744.4094238281249
1987-03-12,745.0755004882812
1987-03-13,741.1688842773438
1987-03-14,737.5711059570311
1987-03-15,734.1942749023436
1987-03-16,730.7297973632812
1987-03-17,727.6666870117186
1987-03-18,725.0050659179686
1987-03-19,740.58203125
1987-03-20,736.7752075195312
1987-03-21,733.0103149414062
1987-03-22,729.6162109375001
1987-03-23,726.4547729492188
1987-03-24,723.3958740234374
1987-03-25,733.7462768554686
1987-03-26,730.7711181640626
1987-03-27,736.2765502929686
1987-03-28,749.8468017578125
1987-03-29,762.6441040039064
1987-03-30,774.7960205078125
1987-03-31,785.5653076171876
1987-04-01,763.8940429687501
1987-04-02,755.3296508789062
1987-04-03,754.826904296875
1987-04-04,757.293701171875
1987-04-05,750.8984375
1987-04-06,745.7954711914061
1987-04-07,741.381103515625
1987-04-08,737.3547973632812
1987-04-09,733.3925170898438
1987-04-10,729.6478271484375
1987-04-11,725.8509521484375
1987-04-12,722.1109619140626
1987-04-13,718.3464965820312
1987-04-14,716.8766479492189
1987-04-15,717.7204589843751
1987-04-16,715.0536499023438
1987-04-17,712.5214233398436
1987-04-18,709.899169921875
1987-04-19,707.0155029296875
1987-04-20,703.86328125
1987-04-21,700.5008544921875
1987-04-22,697.06298828125
1987-04-23,693.543701171875
1987-04-24,690.8441162109375
1987-04-25,688.3533935546875
1987-04-26,685.977294921875
1987-04-27,683.5224609375001
1987-04-28,683.6541748046875
1987-04-29,681.2944946289064
1987-04-30,678.2677612304689
1987-05-01,674.6900634765624
1987-05-02,671.4384765625
1987-05-03,668.72802734375
1987-05-04,665.5820922851562
1987-05-05,671.5617675781249
1987-05-06,669.2223510742188
1987-05-07,666.3478393554688
1987-05-08,663.2918701171876
1987-05-09,660.424072265625
1987-05-10,657.7951049804688
1987-05-11,659.7335205078125
1987-05-12,660.5137329101562
1987-05-13,657.4096069335938
1987-05-14,654.255126953125
1987-05-15,661.1551513671875
1987-05-16,657.9230346679688
1987-05-17,654.6459350585938
1987-05-18,651.26318359375
1987-05-19,647.8335571289064
1987-05-20,644.2500610351562
1987-05-21,647.0643310546874
1987-05-22,643.7739868164064
1987-05-23,640.3662719726562
1987-05-24,636.9725341796875
1987-05-25,633.5414428710938
1987-05-26,630.0690307617188
1987-05-27,626.6226196289064
1987-05-28,623.0775756835938
1987-05-29,619.6496582031249
1987-05-30,616.1815185546875
1987-05-31,612.6184692382812
1987-06-01,608.909912109375
1987-06-02,606.3171997070314
1987-06-03,602.3311767578124
1987-06-04,605.8326416015625
1987-06-05,602.423095703125
1987-06-06,599.3075561523438
1987-06-07,596.1845092773438
1987-06-08,592.961181640625
1987-06-09,589.6067504882812
1987-06-10,585.9570922851562
1987-06-11,582.25341796875
1987-06-12,578.7471923828124
1987-06-13,605.7565917968751
1987-06-14,628.8286132812501
1987-06-15,625.33447265625
1987-06-16,634.5066528320312
1987-06-17,636.216796875
1987-06-18,640.3990478515625
1987-06-19,642.9523315429689
1987-06-20,651.6594848632812
1987-06-21,663.3388061523438
1987-06-22,665.8475952148438
1987-06-23,661.7324829101562
1987-06-24,657.420654296875
1987-06-25,670.1689453124999
1987-06-26,671.6864013671875
1987-06-27,677.4227294921875
1987-06-28,673.883544921875
1987-06-29,670.2451782226564
1987-06-30,666.3182373046875
1987-07-01,662.1910400390625
1987-07-02,664.728271484375
1987-07-03,669.0462646484375
1987-07-04,664.8907470703125
1987-07-05,668.2971191406249
1987-07-06,663.8680419921875
1987-07-07,673.73583984375
1987-07-08,669.2791137695312
1987-07-09,664.655029296875
1987-07-10,660.1775512695312
1987-07-11,655.7443847656249
1987-07-12,651.3380737304689
1987-07-13,646.9424438476562
1987-07-14,642.7799682617189
1987-07-15,639.1587524414064
1987-07-16,635.7229614257812
1987-07-17,632.0917358398438
1987-07-18,628.5587768554689
1987-07-19,625.09130859375
1987-07-20,621.6857299804688
1987-07-21,617.9571533203124
1987-07-22,613.9622802734376
1987-07-23,609.73583984375
1987-07-24,605.4723510742188
1987-07-25,602.3245849609375
1987-07-26,598.4097290039062
1987-07-27,594.3886108398438
1987-07-28,599.2376708984375
1987-07-29,595.2350463867189
1987-07-30,591.3395385742188
1987-07-31,587.5751953124999
1987-08-01,583.6250610351562
1987-08-02,579.5301513671875
1987-08-03,594.3816528320312
1987-08-04,598.0523071289064
1987-08-05,595.1014404296876
1987-08-06,591.7162475585938
1987-08-07,611.4534912109375
1987-08-08,607.4259033203124
1987-08-09,603.4046020507812
1987-08-10,599.2234497070314
1987-08-11,595.3349609375001
1987-08-12,591.5889892578125
1987-08-13,588.1152954101564
1987-08-14,584.8283691406249
1987-08-15,581.7400512695312
1987-08-16,578.3681640624999
1987-08-17,574.9635620117188
1987-08-18,571.3494262695312
1987-08-19,569.8503417968751
1987-08-20,566.3968505859375
1987-08-21,563.0057983398438
1987-08-22,559.616455078125
1987-08-23,556.0929565429689
1987-08-24,552.6022338867188
1987-08-25,549.145751953125
1987-08-26,545.8003540039064
1987-08-27,545.37255859375
1987-08-28,541.955078125
1987-08-29,538.7265625
1987-08-30,535.7009887695312
1987-08-31,532.7905883789064
1987-09-01,530.1009521484375
1987-09-02,527.5045166015625
1987-09-03,524.8624877929688
1987-09-04,522.3003540039064
1987-09-05,526.8929443359375
1987-09-06,529.5748901367188
1987-09-07,533.3290405273438
1987-09-08,530.6284790039062
1987-09-09,527.8833618164064
1987-09-10,525.1085815429689
1987-09-11,522.5223388671875
1987-09-12,534.5366821289064
1987-09-13,543.8771362304689
1987-09-14,541.3522338867188
1987-09-15,538.6937866210938
1987-09-16,535.9669799804689
1987-09-17,533.3284301757812
1987-09-18,530.5602416992189
1987-09-19,527.9218139648439
1987-09-20,527.6400146484375
1987-09-21,525.6281127929688
1987-09-22,523.6771850585938
1987-09-23,521.9055786132812
1987-09-24,520.2176513671876
1987-09-25,518.4149780273438
1987-09-26,516.533447265625
1987-09-27,514.5687866210938
1987-09-28,512.5285034179688
1987-09-29,510.40008544921886
1987-09-30,518.6851806640625
1987-10-01,517.0700073242188
1987-10-02,515.5336303710938
1987-10-03,514.0690917968751
1987-10-04,512.9943237304688
1987-10-05,511.7620239257813
1987-10-06,510.3533935546875
1987-10-07,508.9905090332031
1987-10-08,507.87210083007807
1987-10-09,506.7516784667969
1987-10-10,505.4680480957031
1987-10-11,504.0011901855469
1987-10-12,502.55142211914057
1987-10-13,501.4283752441406
1987-10-14,500.4561462402344
1987-10-15,499.45419311523443
1987-10-16,498.34896850585926
1987-10-17,497.15576171875
1987-10-18,495.78140258789057
1987-10-19,494.3336791992188
1987-10-20,492.8030090332031
1987-10-21,491.4897766113281
1987-10-22,490.6891174316407
1987-10-23,489.84460449218756
1987-10-24,488.8148803710937
1987-10-25,487.4503479003905
1987-10-26,486.20086669921886
1987-10-27,493.3103637695313
1987-10-28,492.41448974609375
1987-10-29,491.5577087402343
1987-10-30,490.49078369140636
1987-10-31,489.2730712890625
1987-11-01,487.9044494628906
1987-11-02,486.55541992187506
1987-11-03,485.1315002441406
1987-11-04,483.61123657226557
1987-11-05,482.1504516601562
1987-11-06,481.1466674804688
1987-11-07,480.2517089843751
1987-11-08,479.26974487304693
1987-11-09,478.1022033691406
1987-11-10,492.3400573730469
1987-11-11,491.5182495117188
1987-11-12,490.83447265624994
1987-11-13,490.02868652343744
1987-11-14,489.0885009765625
1987-11-15,488.1222229003905
1987-11-16,486.9351196289063
1987-11-17,524.5377197265625
1987-11-18,540.6621704101562
1987-11-19,539.65576171875
1987-11-20,538.8469238281249
1987-11-21,538.1928100585938
1987-11-22,537.550048828125
1987-11-23,536.7155151367188
1987-11-24,535.6337280273438
1987-11-25,534.3928833007812
1987-11-26,543.7958374023438
1987-11-27,554.72412109375
1987-11-28,556.385498046875
1987-11-29,555.3375854492189
1987-11-30,554.4546508789062
1987-12-01,553.7267456054688
1987-12-02,553.1096801757812
1987-12-03,552.4189453124999
1987-12-04,551.5802612304689
1987-12-05,550.9473266601562
1987-12-06,550.2901000976562
1987-12-07,549.538330078125
1987-12-08,548.6175537109375
1987-12-09,547.4485473632812
1987-12-10,548.4218139648439
1987-12-11,547.4357299804689
1987-12-12,546.4188842773438
1987-12-13,545.48779296875
1987-12-14,544.5060424804688
1987-12-15,556.7979125976562
1987-12-16,563.6878662109375
1987-12-17,563.1041870117188
1987-12-18,562.5110473632812
1987-12-19,561.777099609375
1987-12-20,560.7348022460938
1987-12-21,566.300048828125
1987-12-22,583.5213623046875
1987-12-23,582.6716308593751
1987-12-24,581.7799072265625
1987-12-25,582.4677734375
1987-12-26,580.8905029296875
1987-12-27,584.5311889648438
1987-12-28,597.2521362304689
1987-12-29,598.7513427734375
1987-12-30,598.142822265625
1987-12-31,597.4141845703125
1988-01-01,596.3807373046875
1988-01-02,610.1449584960938
1988-01-03,624.25537109375
1988-01-04,635.9539184570312
1988-01-05,635.2865600585938
1988-01-06,634.6627807617188
1988-01-07,656.2603759765625
1988-01-08,655.8009643554688
1988-01-09,655.2610473632812
1988-01-10,654.6089477539062
1988-01-11,653.9403686523439
1988-01-12,653.9490356445312
1988-01-13,661.0340576171876
1988-01-14,660.408935546875
1988-01-15,659.8047485351562
1988-01-16,659.6298828125
1988-01-17,677.1833496093749
1988-01-18,708.502197265625
1988-01-19,714.9097900390625
1988-01-20,743.5534057617188
1988-01-21,739.6826171875
1988-01-22,736.7153320312499
1988-01-23,734.11767578125
1988-01-24,731.6356811523436
1988-01-25,734.4536743164062
1988-01-26,732.3699951171876
1988-01-27,730.318603515625
1988-01-28,728.279296875
1988-01-29,726.1636962890625
1988-01-30,723.9968872070312
1988-01-31,721.545654296875
1988-02-01,718.8681640624999
1988-02-02,716.1766967773438
1988-02-03,726.924072265625
1988-02-04,763.0750732421876
1988-02-05,760.7552490234374
1988-02-06,754.1160888671875
1988-02-07,749.244873046875
1988-02-08,745.0531005859374
1988-02-09,741.382568359375
1988-02-10,738.0654296875
1988-02-11,735.0184326171875
1988-02-12,732.3751831054686
1988-02-13,730.1593017578125
1988-02-14,727.9345703125
1988-02-15,726.5860595703124
1988-02-16,724.5228881835938
1988-02-17,722.5753784179686
1988-02-18,720.5983276367188
1988-02-19,734.0760498046875
1988-02-20,731.2915039062499
1988-02-21,728.9216918945311
1988-02-22,726.658203125
1988-02-23,724.1497192382812
1988-02-24,721.8350830078125
1988-02-25,720.0610961914062
1988-02-26,718.3146362304689
1988-02-27,716.2476806640625
1988-02-28,714.2036743164062
1988-02-29,712.2818603515625
1988-03-01,710.3237915039062
1988-03-02,708.458251953125
1988-03-03,706.3427124023439
1988-03-04,713.3206176757812
1988-03-05,711.1674804687499
1988-03-06,709.2031860351561
1988-03-07,707.25390625
1988-03-08,705.1098632812501
1988-03-09,712.1609497070314
1988-03-10,719.4803466796876
1988-03-11,717.5407104492188
1988-03-12,715.3386840820312
1988-03-13,718.9111938476562
1988-03-14,716.8515625
1988-03-15,715.2442016601564
1988-03-16,713.7058715820312
1988-03-17,712.040771484375
1988-03-18,710.2161865234376
1988-03-19,720.6034545898436
1988-03-20,718.4044189453126
1988-03-21,715.8528442382812
1988-03-22,713.1640625
1988-03-23,710.7439575195312
1988-03-24,708.2178344726562
1988-03-25,705.4717407226562
1988-03-26,709.9556274414064
1988-03-27,707.5849609375001
1988-03-28,705.3859863281249
1988-03-29,702.9627685546875
1988-03-30,700.3204956054688
1988-03-31,697.6535034179688
1988-04-01,694.9310302734376
1988-04-02,692.3797607421875
1988-04-03,689.7103271484375
1988-04-04,689.821533203125
1988-04-05,687.0159301757812
1988-04-06,684.0316772460939
1988-04-07,681.8789672851562
1988-04-08,679.7453613281249
1988-04-09,677.6488037109375
1988-04-10,675.3554077148438
1988-04-11,672.9833984375
1988-04-12,703.8763427734375
1988-04-13,708.080322265625
1988-04-14,705.6901245117189
1988-04-15,702.961669921875
1988-04-16,700.3853149414064
1988-04-17,698.1843872070312
1988-04-18,695.5527954101564
1988-04-19,723.882568359375
1988-04-20,721.1094970703125
1988-04-21,718.0802612304689
1988-04-22,714.4440917968751
1988-04-23,717.5474243164062
1988-04-24,734.2373046875001
1988-04-25,729.9146728515625
1988-04-26,751.2072143554688
1988-04-27,745.0363159179686
1988-04-28,739.9820556640626
1988-04-29,735.877258300781
1988-04-30,732.0891113281249
1988-05-01,728.4692382812499
1988-05-02,724.8746948242188
1988-05-03,721.2390747070311
1988-05-04,717.740478515625
1988-05-05,718.2220458984375
1988-05-06,715.090087890625
1988-05-07,711.7973022460939
1988-05-08,708.4207763671875
1988-05-09,705.1495971679688
1988-05-10,707.008544921875
1988-05-11,709.1622924804688
1988-05-12,705.8492431640625
1988-05-13,702.3734741210938
1988-05-14,703.7664794921875
1988-05-15,700.12744140625
1988-05-16,705.6220092773438
1988-05-17,708.1563110351562
1988-05-18,704.7814941406249
1988-05-19,701.5266113281249
1988-05-20,698.1692504882812
1988-05-21,694.7822265625
1988-05-22,691.127685546875
1988-05-23,687.4376831054689
1988-05-24,683.8570556640625
1988-05-25,688.8517456054688
1988-05-26,686.0256958007814
1988-05-27,683.4247436523439
1988-05-28,680.6325073242188
1988-05-29,677.3430786132812
1988-05-30,673.7924804687499
1988-05-31,670.3485717773436
1988-06-01,666.66552734375
1988-06-02,662.7181396484375
1988-06-03,658.8080444335938
1988-06-04,655.6517944335938
1988-06-05,653.0863647460938
1988-06-06,650.0986938476562
1988-06-07,646.5452880859376
1988-06-08,642.5606079101562
1988-06-09,643.2265014648438
1988-06-10,652.4253540039064
1988-06-11,649.6113891601562
1988-06-12,646.7942504882812
1988-06-13,643.7666625976561
1988-06-14,640.6585083007814
1988-06-15,637.397216796875
1988-06-16,633.85107421875
1988-06-17,634.4463500976562
1988-06-18,630.6653442382812
1988-06-19,627.0964965820312
1988-06-20,623.4134521484375
1988-06-21,619.5755004882812
1988-06-22,615.4608154296875
1988-06-23,611.0656127929688
1988-06-24,606.5260620117188
1988-06-25,602.2699584960938
1988-06-26,601.51416015625
1988-06-27,602.7835693359375
1988-06-28,599.5598754882814
1988-06-29,596.075439453125
1988-06-30,592.3028564453125
1988-07-01,600.2686767578124
1988-07-02,597.1536865234376
1988-07-03,594.7503662109375
1988-07-04,591.7847290039062
1988-07-05,588.6448364257812
1988-07-06,585.5825195312501
1988-07-07,582.6748657226562
1988-07-08,579.3218994140625
1988-07-09,575.5089721679688
1988-07-10,571.53662109375
1988-07-11,581.704345703125
1988-07-12,605.2023925781249
1988-07-13,601.4645996093749
1988-07-14,597.5681152343751
1988-07-15,593.442626953125
1988-07-16,589.2122802734376
1988-07-17,585.2015380859376
1988-07-18,581.3599853515625
1988-07-19,577.5887451171876
1988-07-20,573.8585815429689
1988-07-21,570.146728515625
1988-07-22,575.5716552734375
1988-07-23,578.544189453125
1988-07-24,575.2443847656249
1988-07-25,571.9415283203124
1988-07-26,568.5484619140624
1988-07-27,565.25
1988-07-28,568.8955078125
1988-07-29,565.3984985351562
1988-07-30,561.9010620117188
1988-07-31,558.3544921875
1988-08-01,554.7239990234375
1988-08-02,551.139404296875
1988-08-03,547.9732666015625
1988-08-04,553.9127197265625
1988-08-05,550.5433959960938
1988-08-06,547.5296020507812
1988-08-07,544.1103515625
1988-08-08,562.3248291015625
1988-08-09,558.8875732421876
1988-08-10,555.3972778320314
1988-08-11,557.5135498046875
1988-08-12,554.5917358398438
1988-08-13,551.436279296875
1988-08-14,548.2227783203124
1988-08-15,547.2936401367188
1988-08-16,544.3023681640624
1988-08-17,541.0685424804688
1988-08-18,537.7318725585939
1988-08-19,534.359375
1988-08-20,531.03369140625
1988-08-21,531.8356323242188
1988-08-22,533.6431884765625
1988-08-23,543.4527587890625
1988-08-24,554.7318115234375
1988-08-25,551.8944091796875
1988-08-26,549.05078125
1988-08-27,546.1051635742189
1988-08-28,543.2247924804688
1988-08-29,540.2551879882812
1988-08-30,537.3461303710938
1988-08-31,539.7570190429688
1988-09-01,537.2521362304689
1988-09-02,536.416748046875
1988-09-03,533.8785400390624
1988-09-04,572.3493041992188
1988-09-05,601.6240844726562
1988-09-06,599.2596435546875
1988-09-07,596.8374633789064
1988-09-08,594.7599487304689
1988-09-09,614.3397827148438
1988-09-10,619.049560546875
1988-09-11,620.0591430664062
1988-09-12,627.3305053710939
1988-09-13,624.1123657226562
1988-09-14,620.8714599609375
1988-09-15,617.6779174804686
1988-09-16,614.7819824218751
1988-09-17,649.081787109375
1988-09-18,659.3644409179688
1988-09-19,656.5877685546875
1988-09-20,653.5206909179688
1988-09-21,650.3104248046875
1988-09-22,647.5977172851562
1988-09-23,644.6583251953125
1988-09-24,641.5390625
1988-09-25,638.3577270507812
1988-09-26,635.4511718750001
1988-09-27,633.1168823242188
1988-09-28,630.9424438476562
1988-09-29,628.5725708007814
1988-09-30,625.9619140624999
1988-10-01,623.4964599609375
1988-10-02,639.4259033203124
1988-10-03,649.9696655273438
1988-10-04,668.3387451171876
1988-10-05,666.4874877929688
1988-10-06,664.7447509765624
1988-10-07,663.1752319335938
1988-10-08,661.7159423828124
1988-10-09,660.2462768554689
1988-10-10,658.7009887695312
1988-10-11,657.0386352539064
1988-10-12,655.405029296875
1988-10-13,654.0736694335938
1988-10-14,652.9156494140625
1988-10-15,651.6168212890625
1988-10-16,650.1178588867189
1988-10-17,648.3510131835936
1988-10-18,646.4189453124999
1988-10-19,644.4737548828124
1988-10-20,642.8948974609375
1988-10-21,647.7593994140625
1988-10-22,646.8695068359375
1988-10-23,645.5918579101562
1988-10-24,644.0979614257812
1988-10-25,642.7117309570314
1988-10-26,641.25341796875
1988-10-27,643.8423461914062
1988-10-28,642.1495361328126
1988-10-29,640.2789916992189
1988-10-30,638.6569824218751
1988-10-31,645.727783203125
1988-11-01,654.0398559570314
1988-11-02,652.6046142578125
1988-11-03,651.0574340820312
1988-11-04,649.5596923828124
1988-11-05,667.3228149414064
1988-11-06,665.9759521484375
1988-11-07,664.7579956054688
1988-11-08,663.4545288085939
1988-11-09,662.9785156249999
1988-11-10,661.1937866210938
1988-11-11,659.8704223632812
1988-11-12,658.5422973632812
1988-11-13,657.1395263671875
1988-11-14,655.8008422851562
1988-11-15,654.2765502929689
1988-11-16,652.5606689453126
1988-11-17,660.945068359375
1988-11-18,659.7544555664062
1988-11-19,658.4105834960938
1988-11-20,656.6825561523438
1988-11-21,655.3193969726562
1988-11-22,654.1933593750001
1988-11-23,653.147216796875
1988-11-24,651.9537963867189
1988-11-25,650.7142333984375
1988-11-26,649.3389282226564
1988-11-27,667.4910278320312
1988-11-28,682.8807373046875
1988-11-29,681.9058837890625
1988-11-30,680.8557739257812
1988-12-01,679.8596801757812
1988-12-02,678.9220581054689
1988-12-03,677.9368286132812
1988-12-04,676.7620849609375
1988-12-05,675.690185546875
1988-12-06,674.6205444335938
1988-12-07,673.4491577148438
1988-12-08,672.2039794921875
1988-12-09,672.4574584960938
1988-12-10,671.5892333984375
1988-12-11,672.1932983398436
1988-12-12,671.49853515625
1988-12-13,670.8705444335938
1988-12-14,670.0364379882814
1988-12-15,668.9549560546875
1988-12-16,672.4921264648438
1988-12-17,671.7623291015625
1988-12-18,671.1067504882812
1988-12-19,670.324951171875
1988-12-20,669.364501953125
1988-12-21,668.2108764648438
1988-12-22,666.8212890624999
1988-12-23,665.3037719726562
1988-12-24,663.6920166015625
1988-12-25,662.3545532226562
1988-12-26,661.3215942382812
1988-12-27,660.1753540039064
1988-12-28,658.7903442382812
1988-12-29,657.8736572265625
1988-12-30,657.0059204101562
1988-12-31,656.1182250976562
1989-01-01,671.852294921875
1989-01-02,670.6776733398436
1989-01-03,678.8567504882812
1989-01-04,684.8197631835936
1989-01-05,683.8804931640625
1989-01-06,682.8349609375001
1989-01-07,681.1545410156249
1989-01-08,680.9398193359375
1989-01-09,682.2578735351562
1989-01-10,684.2646484375
1989-01-11,683.1983032226562
1989-01-12,682.7011108398438
1989-01-13,690.8410034179688
1989-01-14,690.7490844726562
1989-01-15,692.9248046875001
1989-01-16,691.7201538085939
1989-01-17,690.6764526367189
1989-01-18,689.5944213867189
1989-01-19,688.4106445312501
1989-01-20,687.0466308593751
1989-01-21,686.05859375
1989-01-22,685.1272583007814
1989-01-23,684.0353393554688
1989-01-24,682.7939453124999
1989-01-25,681.4498901367189
1989-01-26,680.0457153320312
1989-01-27,680.98046875
1989-01-28,679.790771484375
1989-01-29,678.3845825195314
1989-01-30,676.8366088867189
1989-01-31,675.5396728515625
1989-02-01,674.0677490234376
1989-02-02,672.2146606445312
1989-02-03,670.1964721679688
1989-02-04,668.5767211914064
1989-02-05,667.4009399414064
1989-02-06,676.4775390624999
1989-02-07,678.6189575195312
1989-02-08,677.5728759765625
1989-02-09,676.682373046875
1989-02-10,675.9171142578125
1989-02-11,675.0702514648438
1989-02-12,673.9642333984375
1989-02-13,672.5086669921875
1989-02-14,670.7402343750001
1989-02-15,668.6903686523439
1989-02-16,666.5473022460939
1989-02-17,664.9064941406249
1989-02-18,668.3954467773438
1989-02-19,667.6079711914064
1989-02-20,673.0181274414064
1989-02-21,693.20556640625
1989-02-22,706.2380981445314
1989-02-23,705.1072998046875
1989-02-24,704.183837890625
1989-02-25,703.0362548828124
1989-02-26,703.7871093750001
1989-02-27,704.563720703125
1989-02-28,716.1002807617188
1989-03-01,720.4494018554688
1989-03-02,723.4361572265626
1989-03-03,734.9490966796876
1989-03-04,731.9931030273435
1989-03-05,730.8466796875
1989-03-06,733.9608764648436
1989-03-07,731.2297363281249
1989-03-08,728.9523925781249
1989-03-09,726.6875
1989-03-10,724.2503051757811
1989-03-11,721.7811279296875
1989-03-12,719.0213012695312
1989-03-13,716.0753173828125
1989-03-14,713.4224243164062
1989-03-15,710.4078369140624
1989-03-16,707.4950561523438
1989-03-17,704.7744750976562
1989-03-18,701.9211425781249
1989-03-19,699.3963623046875
1989-03-20,697.1849975585938
1989-03-21,702.1858520507812
1989-03-22,713.6365966796876
1989-03-23,735.35107421875
1989-03-24,745.8192138671874
1989-03-25,741.185546875
1989-03-26,736.8753051757811
1989-03-27,732.716796875
1989-03-28,728.5595703125
1989-03-29,724.4600830078125
1989-03-30,729.0483398437501
1989-03-31,725.3359375
1989-04-01,722.7546997070311
1989-04-02,720.2797241210938
1989-04-03,717.5224609375001
1989-04-04,714.2558593750001
1989-04-05,749.8499755859374
1989-04-06,745.8045043945312
1989-04-07,743.2020874023436
1989-04-08,742.0174560546875
1989-04-09,768.2610473632812
1989-04-10,775.3831176757811
1989-04-11,771.0280151367188
1989-04-12,759.6988525390625
1989-04-13,752.4091186523438
1989-04-14,746.5759887695311
1989-04-15,773.758544921875
1989-04-16,760.2593383789062
1989-04-17,752.1331176757811
1989-04-18,745.6041259765626
1989-04-19,739.7872314453125
1989-04-20,740.1268920898438
1989-04-21,735.7595825195314
1989-04-22,731.3754272460939
1989-04-23,727.0526123046875
1989-04-24,722.697021484375
1989-04-25,718.48779296875
1989-04-26,714.4415893554688
1989-04-27,710.3081054687499
1989-04-28,706.2091674804686
1989-04-29,702.3470458984375
1989-04-30,698.7990112304689
1989-05-01,714.5474853515625
1989-05-02,749.149169921875
1989-05-03,743.5148315429685
1989-05-04,738.5401611328125
1989-05-05,744.3483276367188
1989-05-06,746.7673950195312
1989-05-07,741.6099853515625
1989-05-08,737.3157958984374
1989-05-09,746.0579223632812
1989-05-10,769.0043334960938
1989-05-11,757.7432250976562
1989-05-12,750.4365234375
1989-05-13,744.5526733398436
1989-05-14,739.0429077148436
1989-05-15,743.5463256835938
1989-05-16,738.2429809570312
1989-05-17,733.5036010742188
1989-05-18,728.950927734375
1989-05-19,724.6162109375001
1989-05-20,720.4813232421876
1989-05-21,716.3129272460939
1989-05-22,712.0993041992188
1989-05-23,711.761474609375
1989-05-24,707.9313354492189
1989-05-25,703.9140625
1989-05-26,699.6253662109375
1989-05-27,695.2069091796875
1989-05-28,691.5068969726562
1989-05-29,688.0341796875
1989-05-30,684.4281616210938
1989-05-31,680.4318847656249
1989-06-01,676.0681152343751
1989-06-02,671.586669921875
1989-06-03,669.8722534179688
1989-06-04,670.91455078125
1989-06-05,676.58544921875
1989-06-06,690.54296875
1989-06-07,696.5564575195312
1989-06-08,692.7473754882814
1989-06-09,699.7998657226562
1989-06-10,696.0428466796876
1989-06-11,692.1316528320312
1989-06-12,688.0921630859376
1989-06-13,683.762451171875
1989-06-14,679.4050903320311
1989-06-15,694.12255859375
1989-06-16,712.8114624023439
1989-06-17,733.8234252929688
1989-06-18,728.6824340820312
1989-06-19,723.5790405273436
1989-06-20,740.5779418945311
1989-06-21,766.2384033203124
1989-06-22,764.6666870117186
1989-06-23,771.2637329101561
1989-06-24,756.7693481445312
1989-06-25,747.436584472656
1989-06-26,739.9169311523436
1989-06-27,733.3206787109375
1989-06-28,727.2462768554686
1989-06-29,739.6968383789062
1989-06-30,733.2717895507812
1989-07-01,727.8371582031249
1989-07-02,722.8191528320312
1989-07-03,727.3629150390625
1989-07-04,739.0380249023436
1989-07-05,744.8428955078125
1989-07-06,753.2332763671875
1989-07-07,748.3038330078125
1989-07-08,740.4666748046875
1989-07-09,733.6592407226561
1989-07-10,744.4816284179686
1989-07-11,737.0836181640626
1989-07-12,730.5286254882814
1989-07-13,728.8283691406249
1989-07-14,730.5856323242188
1989-07-15,742.7420043945312
1989-07-16,768.1291503906251
1989-07-17,755.2553100585938
1989-07-18,746.4271850585938
1989-07-19,739.2109375
1989-07-20,753.0134887695311
1989-07-21,754.612060546875
1989-07-22,758.6591796875
1989-07-23,758.0131225585939
1989-07-24,748.89794921875
1989-07-25,741.063720703125
1989-07-26,734.7169189453126
1989-07-27,728.5426635742188
1989-07-28,722.6636352539062
1989-07-29,717.1253662109375
1989-07-30,711.8026733398436
1989-07-31,722.6090087890625
1989-08-01,722.8339233398436
1989-08-02,717.61181640625
1989-08-03,712.548583984375
1989-08-04,707.6311645507814
1989-08-05,702.8246459960936
1989-08-06,697.9860229492189
1989-08-07,693.36669921875
1989-08-08,689.5761718750001
1989-08-09,686.6055908203125
1989-08-10,683.4897460937501
1989-08-11,680.1879272460939
1989-08-12,676.9326782226564
1989-08-13,673.6193237304689
1989-08-14,670.0579833984375
1989-08-15,679.1429443359375
1989-08-16,688.1690063476561
1989-08-17,684.3208618164062
1989-08-18,680.7180175781249
1989-08-19,677.0635375976561
1989-08-20,673.2949829101562
1989-08-21,669.4550781249999
1989-08-22,665.4461059570314
1989-08-23,661.291748046875
1989-08-24,657.015625
1989-08-25,652.8503417968751
1989-08-26,671.71728515625
1989-08-27,676.7679443359375
1989-08-28,672.8529663085938
1989-08-29,668.9253540039064
1989-08-30,664.9684448242188
1989-08-31,667.6087646484375
1989-09-01,663.8959350585938
1989-09-02,660.1118774414064
1989-09-03,656.4262695312501
1989-09-04,653.3610229492189
1989-09-05,650.5577392578125
1989-09-06,654.911376953125
1989-09-07,651.8800048828124
1989-09-08,648.65234375
1989-09-09,645.3419189453126
1989-09-10,642.0046386718751
1989-09-11,638.5654907226562
1989-09-12,635.1829223632812
1989-09-13,664.3958129882814
1989-09-14,661.0990600585938
1989-09-15,657.7394409179688
1989-09-16,660.663818359375
1989-09-17,657.9688110351562
1989-09-18,655.3292846679688
1989-09-19,652.7181396484375
1989-09-20,650.1876831054689
1989-09-21,647.5482177734375
1989-09-22,685.0791015625
1989-09-23,682.0886840820312
1989-09-24,679.7072143554688
1989-09-25,690.7939453124999
1989-09-26,719.8229370117188
1989-09-27,716.7047119140624
1989-09-28,714.1199340820312
1989-09-29,723.054931640625
1989-09-30,732.12744140625
1989-10-01,818.9304809570312
1989-10-02,772.7922363281249
1989-10-03,758.9387817382811
1989-10-04,750.6535034179686
1989-10-05,744.5370483398436
1989-10-06,739.0839843750001
1989-10-07,734.0438842773438
1989-10-08,729.8755493164062
1989-10-09,726.8022460937501
1989-10-10,724.0774536132812
1989-10-11,721.2215576171876
1989-10-12,718.3436889648438
1989-10-13,715.486083984375
1989-10-14,712.5620727539062
1989-10-15,709.6217041015625
1989-10-16,706.4216308593751
1989-10-17,703.1474609375001
1989-10-18,706.7426147460938
1989-10-19,713.2987060546875
1989-10-20,711.8065185546875
1989-10-21,710.2401123046875
1989-10-22,708.27734375
1989-10-23,706.0847778320312
1989-10-24,704.1041870117188
1989-10-25,702.1251831054689
1989-10-26,700.1436767578124
1989-10-27,698.1388549804688
1989-10-28,696.1072387695312
1989-10-29,694.0741577148438
1989-10-30,691.9669799804688
1989-10-31,689.5995483398436
1989-11-01,687.7366943359375
1989-11-02,686.1136474609375
1989-11-03,689.6098022460939
1989-11-04,688.2631225585939
1989-11-05,686.8118286132812
1989-11-06,685.1224365234376
1989-11-07,683.1563110351562
1989-11-08,681.071044921875
1989-11-09,688.2941284179688
1989-11-10,686.7018432617188
1989-11-11,684.9551391601562
1989-11-12,683.1061401367189
1989-11-13,681.2245483398436
1989-11-14,679.34375
1989-11-15,682.448974609375
1989-11-16,694.7384033203124
1989-11-17,693.73779296875
1989-11-18,692.634521484375
1989-11-19,691.3807983398436
1989-11-20,690.0011596679689
1989-11-21,688.3538818359376
1989-11-22,686.8717041015625
1989-11-23,705.9317016601564
1989-11-24,704.7518920898438
1989-11-25,703.4765014648438
1989-11-26,701.7880859375001
1989-11-27,699.8050537109375
1989-11-28,697.6153564453125
1989-11-29,699.6033935546875
1989-11-30,698.4483642578125
1989-12-01,697.1723632812501
1989-12-02,695.8798828125
1989-12-03,694.6777343750001
1989-12-04,693.7996826171875
1989-12-05,692.7088623046875
1989-12-06,691.3986206054688
1989-12-07,701.8937377929688
1989-12-08,752.3565063476561
1989-12-09,772.3099975585938
1989-12-10,762.0655517578125
1989-12-11,754.7496948242188
1989-12-12,760.4054565429686
1989-12-13,771.6840820312499
1989-12-14,760.6201782226561
1989-12-15,753.831787109375
1989-12-16,748.8630981445312
1989-12-17,744.9920043945312
1989-12-18,747.7509155273436
1989-12-19,753.2442016601561
1989-12-20,756.5593872070312
1989-12-21,751.0622558593751
1989-12-22,746.8228759765626
1989-12-23,743.4168701171876
1989-12-24,740.5125732421876
1989-12-25,737.8297119140626
1989-12-26,735.2329101562499
1989-12-27,732.7525024414062
1989-12-28,730.3068847656249
1989-12-29,727.9678955078125
1989-12-30,728.6320190429685
1989-12-31,738.206787109375
1990-01-01,761.981201171875
1990-01-02,754.8081665039062
1990-01-03,749.3743896484375
1990-01-04,744.7155761718751
1990-01-05,746.2840576171876
1990-01-06,762.86328125
1990-01-07,765.713195800781
1990-01-08,782.2372436523438
1990-01-09,763.8473510742188
1990-01-10,755.7254638671874
1990-01-11,749.7807006835938
1990-01-12,744.9879150390625
1990-01-13,741.4081420898438
1990-01-14,738.2679443359374
1990-01-15,735.2520141601561
1990-01-16,732.2042846679686
1990-01-17,729.1565551757811
1990-01-18,726.14306640625
1990-01-19,729.1165771484375
1990-01-20,726.2303466796876
1990-01-21,750.86767578125
1990-01-22,746.0029907226561
1990-01-23,741.892883300781
1990-01-24,738.1807861328126
1990-01-25,758.3416137695311
1990-01-26,765.16015625
1990-01-27,756.7684936523438
1990-01-28,750.7691650390625
1990-01-29,747.0568237304686
1990-01-30,749.3132324218751
1990-01-31,744.8112182617189
1990-02-01,740.8489379882814
1990-02-02,737.00537109375
1990-02-03,733.0343017578125
1990-02-04,735.479248046875
1990-02-05,732.9005126953125
1990-02-06,730.1541137695311
1990-02-07,730.1638793945312
1990-02-08,727.4282226562499
1990-02-09,732.0367431640626
1990-02-10,757.0379638671874
1990-02-11,759.1095581054688
1990-02-12,752.1492919921875
1990-02-13,746.6974487304685
1990-02-14,741.981689453125
1990-02-15,737.6594238281249
1990-02-16,743.6370239257811
1990-02-17,768.806396484375
1990-02-18,773.1980590820312
1990-02-19,797.89794921875
1990-02-20,761.6065673828125
1990-02-21,753.956298828125
1990-02-22,753.40087890625
1990-02-23,752.0538330078125
1990-02-24,746.8281860351561
1990-02-25,742.739501953125
1990-02-26,739.3430175781249
1990-02-27,736.1962890624999
1990-02-28,732.992919921875
1990-03-01,729.770751953125
1990-03-02,731.0479736328125
1990-03-03,740.6943969726561
1990-03-04,737.0186767578124
1990-03-05,733.5880737304686
1990-03-06,730.3065795898438
1990-03-07,727.2450561523436
1990-03-08,724.757080078125
1990-03-09,735.362548828125
1990-03-10,734.8182373046875
1990-03-11,730.6699829101561
1990-03-12,726.6966552734374
1990-03-13,722.9793090820312
1990-03-14,719.5204467773438
1990-03-15,716.1408081054689
1990-03-16,725.5502929687501
1990-03-17,844.8908081054688
1990-03-18,761.4118041992186
1990-03-19,753.2617797851561
1990-03-20,747.6235351562498
1990-03-21,743.24755859375
1990-03-22,739.1485595703124
1990-03-23,735.0449218750001
1990-03-24,730.9729614257811
1990-03-25,727.1751708984373
1990-03-26,723.8908081054688
1990-03-27,722.6275024414062
1990-03-28,720.1163940429689
1990-03-29,726.5753784179686
1990-03-30,735.229248046875
1990-03-31,735.4591064453125
1990-04-01,731.3568725585939
1990-04-02,736.6749267578124
1990-04-03,733.0386962890625
1990-04-04,730.12060546875
1990-04-05,727.0012817382811
1990-04-06,723.5650634765625
1990-04-07,723.2199096679686
1990-04-08,725.271728515625
1990-04-09,722.5216674804686
1990-04-10,719.4589843750001
1990-04-11,735.0736083984374
1990-04-12,731.9057617187501
1990-04-13,728.9288940429685
1990-04-14,725.7881469726561
1990-04-15,724.5411987304685
1990-04-16,721.169677734375
1990-04-17,717.7623901367189
1990-04-18,714.3209228515625
1990-04-19,711.921875
1990-04-20,709.3192749023438
1990-04-21,706.3741455078125
1990-04-22,703.3181152343751
1990-04-23,700.1106567382812
1990-04-24,697.0901489257812
1990-04-25,694.0391235351562
1990-04-26,690.9375
1990-04-27,687.90234375
1990-04-28,694.4174804687499
1990-04-29,703.47119140625
1990-04-30,700.0606689453126
1990-05-01,696.2158813476561
1990-05-02,692.4375610351562
1990-05-03,688.4897460937501
1990-05-04,684.6913452148438
1990-05-05,688.82080078125
1990-05-06,713.1974487304689
1990-05-07,710.4819946289064
1990-05-08,707.5712890624999
1990-05-09,709.0620727539062
1990-05-10,722.0823974609375
1990-05-11,718.9000854492189
1990-05-12,715.5422973632812
1990-05-13,711.8822631835936
1990-05-14,708.2072143554688
1990-05-15,704.2930908203125
1990-05-16,700.2040405273438
1990-05-17,695.9992675781249
1990-05-18,692.8844604492188
1990-05-19,689.7128906249999
1990-05-20,686.0301513671875
1990-05-21,698.3708496093749
1990-05-22,697.6524047851562
1990-05-23,694.6586303710938
1990-05-24,691.7943115234376
1990-05-25,688.6220092773438
1990-05-26,685.0489501953125
1990-05-27,681.7515258789064
1990-05-28,690.642333984375
1990-05-29,715.6060180664062
1990-05-30,712.0670776367188
1990-05-31,708.3703002929689
1990-06-01,704.6024169921875
1990-06-02,700.7509765625
1990-06-03,700.3982543945314
1990-06-04,698.5460815429689
1990-06-05,694.8337402343751
1990-06-06,690.9902343750001
1990-06-07,686.5607299804688
1990-06-08,681.8392333984375
1990-06-09,677.5028076171876
1990-06-10,673.2487182617189
1990-06-11,669.287353515625
1990-06-12,665.7056274414064
1990-06-13,662.1729736328125
1990-06-14,658.4088745117189
1990-06-15,654.1485595703124
1990-06-16,649.91796875
1990-06-17,645.9612426757812
1990-06-18,641.8638916015625
1990-06-19,637.41259765625
1990-06-20,633.3176879882814
1990-06-21,628.951416015625
1990-06-22,624.3382568359375
1990-06-23,627.9467163085938
1990-06-24,624.6027221679688
1990-06-25,621.2702026367189
1990-06-26,617.7121582031249
1990-06-27,614.0747680664062
1990-06-28,610.2405395507814
1990-06-29,606.2429809570314
1990-06-30,601.88916015625
1990-07-01,597.4335327148438
1990-07-02,593.0210571289064
1990-07-03,589.0798950195312
1990-07-04,585.5080566406249
1990-07-05,581.609375
1990-07-06,577.3250122070312
1990-07-07,572.8723754882812
1990-07-08,568.5333251953125
1990-07-09,564.4267578125
1990-07-10,560.30419921875
1990-07-11,556.181396484375
1990-07-12,553.61181640625
1990-07-13,550.1690063476562
1990-07-14,565.2574462890625
1990-07-15,576.0235595703124
1990-07-16,572.7894287109375
1990-07-17,569.3316040039064
1990-07-18,569.3936767578124
1990-07-19,566.211669921875
1990-07-20,588.7667236328125
1990-07-21,601.90087890625
1990-07-22,598.1723632812501
1990-07-23,595.0616455078125
1990-07-24,591.8758544921875
1990-07-25,588.340087890625
1990-07-26,584.888916015625
1990-07-27,581.5805053710939
1990-07-28,578.2333374023439
1990-07-29,574.8179931640625
1990-07-30,571.204345703125
1990-07-31,567.5357666015625
1990-08-01,563.9426879882812
1990-08-02,561.7608642578125
1990-08-03,580.0067749023438
1990-08-04,576.6428833007812
1990-08-05,573.0997314453125
1990-08-06,581.6373291015625
1990-08-07,578.29345703125
1990-08-08,574.9883422851562
1990-08-09,584.2437133789064
1990-08-10,592.4072875976561
1990-08-11,589.3366088867189
1990-08-12,586.0244750976562
1990-08-13,582.5568847656249
1990-08-14,579.0697631835936
1990-08-15,575.5330200195312
1990-08-16,571.9227905273438
1990-08-17,568.4781494140625
1990-08-18,564.96533203125
1990-08-19,561.3245849609376
1990-08-20,557.6693725585939
1990-08-21,554.0449829101561
1990-08-22,555.7328491210938
1990-08-23,552.5910034179688
1990-08-24,549.4293823242188
1990-08-25,546.2224731445312
1990-08-26,543.1675415039062
1990-08-27,540.8331909179688
1990-08-28,537.4124755859375
1990-08-29,533.919677734375
1990-08-30,548.0609130859376
1990-08-31,549.9328613281249
1990-09-01,546.9979248046875
1990-09-02,543.9591064453125
1990-09-03,540.8499755859375
1990-09-04,537.7440795898438
1990-09-05,535.0178833007812
1990-09-06,532.1742553710939
1990-09-07,529.01611328125
1990-09-08,525.6882934570312
1990-09-09,522.5100708007814
1990-09-10,519.5886840820314
1990-09-11,530.9668579101561
1990-09-12,528.1897583007814
1990-09-13,525.3309326171875
1990-09-14,522.7211303710938
1990-09-15,530.4573974609375
1990-09-16,528.0631713867189
1990-09-17,525.9013061523438
1990-09-18,523.7692871093751
1990-09-19,521.6992797851562
1990-09-20,519.2781372070312
1990-09-21,516.5720825195314
1990-09-22,513.8882446289062
1990-09-23,511.9291381835938
1990-09-24,510.5451354980469
1990-09-25,509.15164184570307
1990-09-26,507.56524658203125
1990-09-27,505.7704467773438
1990-09-28,503.79718017578125
1990-09-29,501.78979492187506
1990-09-30,499.82748413085943
1990-10-01,497.8922729492188
1990-10-02,495.8840942382813
1990-10-03,493.82351684570307
1990-10-04,491.6819152832032
1990-10-05,498.562957763672
1990-10-06,496.8593139648438
1990-10-07,494.92993164062494
1990-10-08,492.74145507812494
1990-10-09,490.69561767578125
1990-10-10,488.70996093750006
1990-10-11,496.2199401855469
1990-10-12,533.0296020507812
1990-10-13,533.9320678710938
1990-10-14,532.1490478515625
1990-10-15,530.4573974609375
1990-10-16,528.708984375
1990-10-17,526.9154052734375
1990-10-18,530.3632202148438
1990-10-19,539.6209716796876
1990-10-20,538.4165039062499
1990-10-21,537.0523071289064
1990-10-22,556.2384033203124
1990-10-23,592.0892944335938
1990-10-24,590.5996704101562
1990-10-25,589.2529907226562
1990-10-26,588.2398681640624
1990-10-27,587.1892700195312
1990-10-28,585.9967651367189
1990-10-29,584.8064575195312
1990-10-30,583.6462402343751
1990-10-31,582.4125366210938
1990-11-01,581.0629272460939
1990-11-02,579.6774902343751
1990-11-03,578.2005615234376
1990-11-04,576.6488037109375
1990-11-05,574.9804077148438
1990-11-06,577.1204833984375
1990-11-07,575.9261474609375
1990-11-08,574.7399291992188
1990-11-09,573.702880859375
1990-11-10,596.2521362304689
1990-11-11,595.19970703125
1990-11-12,593.9219970703125
1990-11-13,592.5637817382811
1990-11-14,591.3071899414064
1990-11-15,590.1390991210938
1990-11-16,588.900146484375
1990-11-17,587.7008056640625
1990-11-18,586.74755859375
1990-11-19,585.7598266601564
1990-11-20,584.6171875
1990-11-21,583.3611450195312
1990-11-22,582.0958862304689
1990-11-23,580.7391967773438
1990-11-24,579.5827636718751
1990-11-25,578.3760986328125
1990-11-26,577.0897216796876
1990-11-27,575.732421875
1990-11-28,574.0588378906249
1990-11-29,572.682373046875
1990-11-30,571.9351196289062
1990-12-01,571.1815185546875
1990-12-02,570.141845703125
1990-12-03,568.7744750976562
1990-12-04,588.9779052734376
1990-12-05,588.2977294921875
1990-12-06,587.56884765625
1990-12-07,589.0612182617189
1990-12-08,596.5482177734375
1990-12-09,595.7581176757812
1990-12-10,594.8519897460939
1990-12-11,593.8192138671874
1990-12-12,592.8187255859375
1990-12-13,591.7733764648438
1990-12-14,590.5581665039062
1990-12-15,590.7026367187499
1990-12-16,589.5738525390625
1990-12-17,588.3282470703125
1990-12-18,586.9987182617189
1990-12-19,600.610595703125
1990-12-20,603.86083984375
1990-12-21,618.4588012695312
1990-12-22,617.88330078125
1990-12-23,616.4351806640625
1990-12-24,626.2304077148438
1990-12-25,625.7046508789064
1990-12-26,625.0786743164062
1990-12-27,624.3868408203125
1990-12-28,623.8771362304689
1990-12-29,623.71875
1990-12-30,623.3991088867189
1990-12-31,629.3157958984375
1991-01-01,628.4562377929688
1991-01-02,632.5394897460939
1991-01-03,631.6708984375
1991-01-04,631.6805419921875
1991-01-05,630.6224365234376
1991-01-06,631.197021484375
1991-01-07,632.7144775390626
1991-01-08,638.7527465820312
1991-01-09,637.9795532226562
1991-01-10,637.1189575195312
1991-01-11,653.354248046875
1991-01-12,665.4783325195314
1991-01-13,664.615966796875
1991-01-14,663.8797607421875
1991-01-15,663.0166015625
1991-01-16,679.6705932617188
1991-01-17,678.4263305664062
1991-01-18,677.3749389648438
1991-01-19,689.4060058593751
1991-01-20,707.2808227539062
1991-01-21,705.94970703125
1991-01-22,704.9455566406249
1991-01-23,703.9216308593751
1991-01-24,719.52587890625
1991-01-25,733.7252197265625
1991-01-26,731.3424682617189
1991-01-27,729.0424804687501
1991-01-28,728.0874633789062
1991-01-29,725.6055297851561
1991-01-30,752.8068847656249
1991-01-31,771.829345703125
1991-02-01,760.5097045898436
1991-02-02,753.5010375976561
1991-02-03,747.95556640625
1991-02-04,743.2984008789062
1991-02-05,739.1798706054686
1991-02-06,745.0153198242188
1991-02-07,744.9498291015627
1991-02-08,740.8309936523438
1991-02-09,737.3493041992186
1991-02-10,734.0025024414062
1991-02-11,731.0029296875
1991-02-12,728.4300537109375
1991-02-13,725.9208984375
1991-02-14,731.0878906249999
1991-02-15,728.7620849609375
1991-02-16,727.0319824218751
1991-02-17,725.2474365234375
1991-02-18,725.10205078125
1991-02-19,722.4483642578125
1991-02-20,719.4333496093749
1991-02-21,725.9058227539061
1991-02-22,730.6986083984374
1991-02-23,752.3482666015626
1991-02-24,747.1233520507811
1991-02-25,742.6372070312499
1991-02-26,739.0314941406249
1991-02-27,736.0106811523436
1991-02-28,733.0830688476561
1991-03-01,730.0629882812499
1991-03-02,783.4323120117186
1991-03-03,788.6307983398436
1991-03-04,769.2178955078125
1991-03-05,758.8583984375
1991-03-06,751.6002807617188
1991-03-07,745.4993896484375
1991-03-08,740.8493652343751
1991-03-09,737.3343505859374
1991-03-10,734.1744384765625
1991-03-11,731.316467285156
1991-03-12,728.3940429687501
1991-03-13,736.360595703125
1991-03-14,732.828125
1991-03-15,729.9598388671875
1991-03-16,727.2224731445311
1991-03-17,724.6746215820312
1991-03-18,725.8012084960938
1991-03-19,722.9031982421875
1991-03-20,720.2731933593751
1991-03-21,717.5234985351562
1991-03-22,714.3607788085939
1991-03-23,710.849853515625
1991-03-24,707.9091186523439
1991-03-25,705.2457885742188
1991-03-26,702.5470581054689
1991-03-27,699.6127319335938
1991-03-28,696.6558837890625
1991-03-29,729.4022827148436
1991-03-30,785.6559448242188
1991-03-31,763.3524169921875
1991-04-01,754.7191772460939
1991-04-02,748.1517944335938
1991-04-03,742.6665649414062
1991-04-04,737.9996948242188
1991-04-05,747.45703125
1991-04-06,766.9578857421875
1991-04-07,755.8396606445312
1991-04-08,752.0409545898436
1991-04-09,744.9921875
1991-04-10,750.9970703125
1991-04-11,744.8234863281249
1991-04-12,739.5802001953125
1991-04-13,734.893310546875
1991-04-14,731.6604003906251
1991-04-15,727.1669311523436
1991-04-16,722.9556274414061
1991-04-17,718.8895874023439
1991-04-18,714.924560546875
1991-04-19,748.2242431640626
1991-04-20,757.9750976562499
1991-04-21,750.6151123046875
1991-04-22,745.1275634765625
1991-04-23,742.8362426757811
1991-04-24,737.8910522460939
1991-04-25,733.3426513671875
1991-04-26,729.4179077148436
1991-04-27,725.2979125976561
1991-04-28,749.175048828125
1991-04-29,761.6004028320312
1991-04-30,775.2169189453126
1991-05-01,759.4036865234375
1991-05-02,750.5890502929686
1991-05-03,744.0972900390625
1991-05-04,738.1604614257811
1991-05-05,758.2620239257811
1991-05-06,772.9239501953125
1991-05-07,759.2586059570311
1991-05-08,750.8562622070312
1991-05-09,744.2201538085939
1991-05-10,746.97265625
1991-05-11,740.3949584960938
1991-05-12,740.4190063476561
1991-05-13,734.7207641601561
1991-05-14,729.4458618164062
1991-05-15,724.3756713867188
1991-05-16,719.3705444335938
1991-05-17,714.6718139648439
1991-05-18,729.0172119140626
1991-05-19,741.9325561523436
1991-05-20,736.6278686523438
1991-05-21,732.3929443359374
1991-05-22,727.8125
1991-05-23,723.0641479492188
1991-05-24,718.466796875
1991-05-25,713.8591308593751
1991-05-26,709.52978515625
1991-05-27,704.9541625976561
1991-05-28,707.3507690429688
1991-05-29,702.6544799804688
1991-05-30,697.9434204101562
1991-05-31,693.2239990234376
1991-06-01,688.6435546875001
1991-06-02,699.2172241210938
1991-06-03,694.7726440429689
1991-06-04,690.1611938476562
1991-06-05,685.9577636718751
1991-06-06,682.8595581054689
1991-06-07,679.9630737304689
1991-06-08,677.080322265625
1991-06-09,673.94677734375
1991-06-10,670.6561279296875
1991-06-11,667.2578125
1991-06-12,663.6637573242188
1991-06-13,659.7911376953125
1991-06-14,662.2476196289064
1991-06-15,666.4230346679688
1991-06-16,662.2159423828124
1991-06-17,658.0408325195314
1991-06-18,662.0825195312501
1991-06-19,674.0676879882814
1991-06-20,679.6231689453126
1991-06-21,675.5768432617188
1991-06-22,678.046875
1991-06-23,682.6948852539064
1991-06-24,678.8571166992189
1991-06-25,678.43359375
1991-06-26,686.0006103515625
1991-06-27,692.9126586914064
1991-06-28,698.9415893554688
1991-06-29,694.7901000976562
1991-06-30,690.188720703125
1991-07-01,685.415283203125
1991-07-02,680.5418701171876
1991-07-03,680.2714843750001
1991-07-04,700.419677734375
1991-07-05,719.1502075195312
1991-07-06,714.0147705078125
1991-07-07,708.9782104492188
1991-07-08,704.2527465820312
1991-07-09,699.7018432617188
1991-07-10,694.840087890625
1991-07-11,690.1051635742188
1991-07-12,685.3850708007814
1991-07-13,680.4281005859375
1991-07-14,675.7653808593751
1991-07-15,671.4989624023439
1991-07-16,689.4472045898436
1991-07-17,704.29443359375
1991-07-18,730.1806640624999
1991-07-19,730.5516357421875
1991-07-20,724.8172607421875
1991-07-21,719.1527099609375
1991-07-22,713.5944824218751
1991-07-23,708.1755981445314
1991-07-24,702.9512939453125
1991-07-25,698.1154174804686
1991-07-26,697.2852783203124
1991-07-27,692.8208618164062
1991-07-28,691.3676147460938
1991-07-29,687.0097045898436
1991-07-30,682.8267822265625
1991-07-31,678.7625732421876
1991-08-01,692.3637084960938
1991-08-02,693.438720703125
1991-08-03,688.9583129882814
1991-08-04,684.3600463867189
1991-08-05,679.7257080078125
1991-08-06,675.14208984375
1991-08-07,670.7222900390625
1991-08-08,666.34765625
1991-08-09,662.0751342773438
1991-08-10,658.8180541992188
1991-08-11,668.3512573242188
1991-08-12,675.9266967773438
1991-08-13,672.3922119140624
1991-08-14,679.6049194335938
1991-08-15,693.9379272460939
1991-08-16,690.261962890625
1991-08-17,686.4979248046875
1991-08-18,682.6356811523439
1991-08-19,678.602783203125
1991-08-20,674.9445190429688
1991-08-21,671.7901000976562
1991-08-22,668.5108032226562
1991-08-23,665.0943603515625
1991-08-24,661.5789184570312
1991-08-25,667.605712890625
1991-08-26,694.8759765625
1991-08-27,718.4259643554688
1991-08-28,713.8561401367189
1991-08-29,709.3078002929689
1991-08-30,706.1013793945314
1991-08-31,703.493896484375
1991-09-01,699.3330078125
1991-09-02,695.2932739257812
1991-09-03,691.9510498046875
1991-09-04,688.6892089843751
1991-09-05,685.2324829101562
1991-09-06,681.64306640625
1991-09-07,678.0137329101562
1991-09-08,674.3433227539062
1991-09-09,671.127685546875
1991-09-10,668.1052856445312
1991-09-11,664.9251708984375
1991-09-12,661.4041748046875
1991-09-13,657.7555541992188
1991-09-14,654.0080566406249
1991-09-15,650.1365356445312
1991-09-16,646.2105102539064
1991-09-17,642.4746093750001
1991-09-18,638.9180908203125
1991-09-19,635.6439208984375
1991-09-20,633.1224365234376
1991-09-21,631.2157592773438
1991-09-22,629.2359008789064
1991-09-23,627.0662841796875
1991-09-24,624.5640258789064
1991-09-25,638.042724609375
1991-09-26,649.4402465820312
1991-09-27,647.4367065429689
1991-09-28,645.5335693359375
1991-09-29,643.4885864257812
1991-09-30,641.3271484375
1991-10-01,639.0817260742188
1991-10-02,636.7142333984375
1991-10-03,634.3567504882812
1991-10-04,632.0849609375001
1991-10-05,629.5984497070314
1991-10-06,627.6649780273438
1991-10-07,626.3388061523438
1991-10-08,625.0701293945314
1991-10-09,623.6604003906251
1991-10-10,621.9185180664062
1991-10-11,620.0402221679688
1991-10-12,618.1353759765625
1991-10-13,616.3928833007812
1991-10-14,614.7343139648439
1991-10-15,619.33056640625
1991-10-16,617.8018188476561
1991-10-17,616.4719238281249
1991-10-18,614.9366455078125
1991-10-19,613.1754760742188
1991-10-20,611.3619384765624
1991-10-21,609.6597290039062
1991-10-22,607.908447265625
1991-10-23,605.9956665039062
1991-10-24,603.8612060546875
1991-10-25,601.674072265625
1991-10-26,599.5056152343751
1991-10-27,597.3069458007814
1991-10-28,595.2933959960936
1991-10-29,593.3489990234376
1991-10-30,591.7676391601562
1991-10-31,590.0839233398436
1991-11-01,588.3392944335938
1991-11-02,596.9754028320312
1991-11-03,596.0304565429689
1991-11-04,595.3351440429689
1991-11-05,594.6558837890625
1991-11-06,593.8809814453125
1991-11-07,593.0030517578125
1991-11-08,592.0538330078125
1991-11-09,591.2214965820312
1991-11-10,602.1080932617188
1991-11-11,601.2640380859376
1991-11-12,600.3336181640624
1991-11-13,599.3572387695312
1991-11-14,598.2473754882814
1991-11-15,596.95703125
1991-11-16,595.5313720703125
1991-11-17,593.9689331054689
1991-11-18,592.5614013671875
1991-11-19,591.2662353515625
1991-11-20,589.6192626953125
1991-11-21,587.849853515625
1991-11-22,595.849853515625
1991-11-23,594.6788940429689
1991-11-24,593.7257080078125
1991-11-25,593.0667724609374
1991-11-26,592.3912963867189
1991-11-27,591.6862182617189
1991-11-28,590.8854370117188
1991-11-29,589.8192138671874
1991-11-30,588.3193359375001
1991-12-01,593.77734375
1991-12-02,591.831298828125
1991-12-03,600.5279541015625
1991-12-04,629.4425048828124
1991-12-05,628.7928466796876
1991-12-06,628.0550537109375
1991-12-07,627.1724243164062
1991-12-08,626.147705078125
1991-12-09,624.802978515625
1991-12-10,628.3703002929689
1991-12-11,627.2238159179688
1991-12-12,626.0911865234376
1991-12-13,624.7249755859375
1991-12-14,631.0687255859375
1991-12-15,630.1096801757812
1991-12-16,629.3413696289064
1991-12-17,628.5695190429688
1991-12-18,627.6820678710938
1991-12-19,626.9678344726562
1991-12-20,626.34765625
1991-12-21,625.53125
1991-12-22,624.3959350585938
1991-12-23,623.0856933593751
1991-12-24,627.7178344726562
1991-12-25,626.8612670898438
1991-12-26,626.0492553710939
1991-12-27,625.157470703125
1991-12-28,652.1114501953125
1991-12-29,679.4193725585939
1991-12-30,678.4096069335938
1991-12-31,677.4246215820312
1992-01-01,676.4815673828125
1992-01-02,681.9846801757812
1992-01-03,707.5906372070312
1992-01-04,706.2565917968751
1992-01-05,704.6509399414064
1992-01-06,703.144287109375
1992-01-07,701.829833984375
1992-01-08,700.5410156249999
1992-01-09,702.8975830078125
1992-01-10,704.6137695312501
1992-01-11,703.4210205078125
1992-01-12,702.113525390625
1992-01-13,719.8185424804688
1992-01-14,737.8325805664062
1992-01-15,735.1500854492186
1992-01-16,732.8240356445312
1992-01-17,730.7418823242188
1992-01-18,728.6490478515625
1992-01-19,747.9725341796875
1992-01-20,744.0895996093749
1992-01-21,740.550048828125
1992-01-22,737.2010498046875
1992-01-23,763.9252319335938
1992-01-24,755.799560546875
1992-01-25,750.2763671875
1992-01-26,745.6720581054688
1992-01-27,741.7095336914062
1992-01-28,744.2463989257811
1992-01-29,742.0731201171876
1992-01-30,738.30810546875
1992-01-31,735.0142822265626
1992-02-01,732.0587158203125
1992-02-02,729.5738525390625
1992-02-03,727.1143798828124
1992-02-04,724.6500854492186
1992-02-05,722.3002929687501
1992-02-06,729.8311767578124
1992-02-07,727.4658203125
1992-02-08,725.2670288085939
1992-02-09,723.4060058593751
1992-02-10,721.6138916015626
1992-02-11,719.6741333007812
1992-02-12,717.6311645507814
1992-02-13,715.5910034179688
1992-02-14,713.8096313476561
1992-02-15,731.9718017578125
1992-02-16,766.4909057617188
1992-02-17,756.8594970703125
1992-02-18,773.6257324218751
1992-02-19,764.7811279296875
1992-02-20,756.0198364257811
1992-02-21,749.9061889648436
1992-02-22,744.9442138671874
1992-02-23,755.936279296875
1992-02-24,758.7572021484375
1992-02-25,758.013427734375
1992-02-26,765.7327880859374
1992-02-27,756.862060546875
1992-02-28,750.5904541015626
1992-02-29,745.2340698242188
1992-03-01,740.901123046875
1992-03-02,736.9404296875
1992-03-03,733.05078125
1992-03-04,729.1700439453125
1992-03-05,725.5867309570312
1992-03-06,745.51806640625
1992-03-07,752.7288818359374
1992-03-08,746.2793579101561
1992-03-09,741.0576171875
1992-03-10,736.5224609375001
1992-03-11,741.7569580078125
1992-03-12,738.4090576171876
1992-03-13,735.240478515625
1992-03-14,732.378662109375
1992-03-15,729.489501953125
1992-03-16,726.9750976562499
1992-03-17,724.5153198242188
1992-03-18,721.7255249023436
1992-03-19,729.8151245117186
1992-03-20,726.609680175781
1992-03-21,724.2105102539061
1992-03-22,721.8212280273436
1992-03-23,733.595703125
1992-03-24,730.7677612304686
1992-03-25,728.1016845703125
1992-03-26,738.5394287109375
1992-03-27,734.9340820312499
1992-03-28,731.8046875
1992-03-29,728.7870483398436
1992-03-30,731.6203613281249
1992-03-31,739.8389892578125
1992-04-01,736.0552368164064
1992-04-02,732.8770141601561
1992-04-03,730.2037353515625
1992-04-04,727.4565429687501
1992-04-05,724.6785888671875
1992-04-06,722.1162109375001
1992-04-07,731.4265747070311
1992-04-08,738.0674438476562
1992-04-09,733.7413940429685
1992-04-10,729.6398315429685
1992-04-11,725.6199340820312
1992-04-12,721.7390136718751
1992-04-13,720.2363891601562
1992-04-14,717.1711425781249
1992-04-15,713.8676147460938
1992-04-16,710.3234863281249
1992-04-17,706.7928466796876
1992-04-18,703.5065917968751
1992-04-19,700.3252563476561
1992-04-20,697.1617431640625
1992-04-21,710.6744384765624
1992-04-22,711.2514038085939
1992-04-23,708.1257934570312
1992-04-24,704.728271484375
1992-04-25,701.3428344726562
1992-04-26,699.1386718750001
1992-04-27,697.3509521484375
1992-04-28,695.4990844726562
1992-04-29,693.6152954101564
1992-04-30,691.4106445312501
1992-05-01,688.6563720703125
1992-05-02,685.4871215820312
1992-05-03,682.2053833007812
1992-05-04,679.2936401367189
1992-05-05,676.6097412109375
1992-05-06,674.2782592773438
1992-05-07,678.3329467773438
1992-05-08,682.2252807617188
1992-05-09,682.9061889648438
1992-05-10,680.2693481445314
1992-05-11,677.30029296875
1992-05-12,674.2076416015625
1992-05-13,674.4578247070312
1992-05-14,675.012939453125
1992-05-15,671.8859863281249
1992-05-16,668.6002197265624
1992-05-17,665.3689575195312
1992-05-18,662.139404296875
1992-05-19,658.7752075195312
1992-05-20,666.1187133789064
1992-05-21,663.1903686523439
1992-05-22,660.449462890625
1992-05-23,657.7547607421875
1992-05-24,654.7075195312501
1992-05-25,651.3187255859375
1992-05-26,648.3214111328125
1992-05-27,648.2754516601564
1992-05-28,645.6101074218751
1992-05-29,645.45703125
1992-05-30,646.4291381835938
1992-05-31,643.8076171875
1992-06-01,641.1671752929689
1992-06-02,638.6484375
1992-06-03,640.5153808593751
1992-06-04,658.424072265625
1992-06-05,655.1197509765624
1992-06-06,651.7249145507814
1992-06-07,647.9815673828125
1992-06-08,644.1399536132812
1992-06-09,655.8219604492188
1992-06-10,668.0081787109375
1992-06-11,664.0214843750001
1992-06-12,695.204833984375
1992-06-13,708.5029296875
1992-06-14,711.6700439453125
1992-06-15,716.34375
1992-06-16,711.5691528320312
1992-06-17,706.9758911132814
1992-06-18,702.8156738281249
1992-06-19,699.2096557617188
1992-06-20,695.0222778320312
1992-06-21,691.007568359375
1992-06-22,687.4009399414064
1992-06-23,683.9932250976562
1992-06-24,680.1548461914062
1992-06-25,676.0797119140624
1992-06-26,671.8216552734376
1992-06-27,676.7945556640625
1992-06-28,672.888916015625
1992-06-29,668.9188232421876
1992-06-30,664.8952636718751
1992-07-01,674.3655395507814
1992-07-02,683.4968261718751
1992-07-03,695.0376586914064
1992-07-04,695.7353515625
1992-07-05,691.3896484375
1992-07-06,707.87109375
1992-07-07,703.0927124023439
1992-07-08,698.0858154296875
1992-07-09,693.1666870117188
1992-07-10,688.2232055664062
1992-07-11,683.2904052734376
1992-07-12,678.5588989257812
1992-07-13,673.9172363281249
1992-07-14,669.4170532226562
1992-07-15,671.5946044921875
1992-07-16,672.3702392578125
1992-07-17,668.248779296875
1992-07-18,690.7078247070312
1992-07-19,697.20654296875
1992-07-20,692.8868408203125
1992-07-21,688.4771118164062
1992-07-22,700.9375
1992-07-23,707.6031494140625
1992-07-24,705.1873168945314
1992-07-25,700.5347290039062
1992-07-26,695.8154907226562
1992-07-27,697.3695678710938
1992-07-28,696.0770874023439
1992-07-29,691.7901000976562
1992-07-30,687.4420776367188
1992-07-31,683.0418701171876
1992-08-01,688.5052490234376
1992-08-02,684.6673583984375
1992-08-03,680.7210083007814
1992-08-04,676.751220703125
1992-08-05,672.7252807617188
1992-08-06,668.8102416992189
1992-08-07,665.2788696289064
1992-08-08,661.6154174804686
1992-08-09,657.7571411132814
1992-08-10,653.7246093750001
1992-08-11,649.7787475585938
1992-08-12,645.890625
1992-08-13,693.2921142578125
1992-08-14,734.7091064453125
1992-08-15,729.6779174804686
1992-08-16,724.8901977539061
1992-08-17,720.36279296875
1992-08-18,728.7441406249999
1992-08-19,723.9285888671875
1992-08-20,719.3090209960938
1992-08-21,725.008544921875
1992-08-22,746.6902465820312
1992-08-23,764.5057373046875
1992-08-24,764.1242675781249
1992-08-25,753.1326904296876
1992-08-26,744.9971923828124
1992-08-27,738.1201782226561
1992-08-28,747.511474609375
1992-08-29,741.4246215820312
1992-08-30,736.1278076171876
1992-08-31,731.1311645507811
1992-09-01,726.3624877929688
1992-09-02,724.7122802734375
1992-09-03,720.0975952148438
1992-09-04,716.1826171875
1992-09-05,722.8088989257811
1992-09-06,732.154052734375
1992-09-07,737.0762939453125
1992-09-08,731.615966796875
1992-09-09,726.5283813476561
1992-09-10,721.8616943359374
1992-09-11,717.45556640625
1992-09-12,713.3362426757812
1992-09-13,709.8472900390625
1992-09-14,706.5513916015625
1992-09-15,703.40576171875
1992-09-16,700.2927856445312
1992-09-17,696.8561401367189
1992-09-18,693.2113037109375
1992-09-19,690.9824218750001
1992-09-20,687.4070434570312
1992-09-21,683.87158203125
1992-09-22,680.3455810546874
1992-09-23,684.0094604492188
1992-09-24,698.2057495117189
1992-09-25,707.4080200195312
1992-09-26,704.8792114257812
1992-09-27,722.5878906249999
1992-09-28,751.55712890625
1992-09-29,747.9584960937501
1992-09-30,742.4420776367188
1992-10-01,738.1279296875
1992-10-02,734.311279296875
1992-10-03,730.7651367187501
1992-10-04,756.267883300781
1992-10-05,758.8695068359374
1992-10-06,751.660217285156
1992-10-07,746.0423583984374
1992-10-08,741.216552734375
1992-10-09,758.1624755859374
1992-10-10,750.8621215820312
1992-10-11,753.0761108398438
1992-10-12,747.2939453124999
1992-10-13,742.3682861328126
1992-10-14,737.7954101562499
1992-10-15,733.5588989257811
1992-10-16,729.6815795898438
1992-10-17,726.1638793945312
1992-10-18,723.2237548828124
1992-10-19,720.8817749023436
1992-10-20,718.7031860351561
1992-10-21,716.4373168945314
1992-10-22,713.8890380859376
1992-10-23,711.3911743164062
1992-10-24,709.08642578125
1992-10-25,706.645751953125
1992-10-26,704.4911499023438
1992-10-27,702.2418212890625
1992-10-28,699.7870483398436
1992-10-29,697.4388427734375
1992-10-30,695.0882568359375
1992-10-31,698.42822265625
1992-11-01,696.1573486328125
1992-11-02,702.6993408203125
1992-11-03,709.8333129882814
1992-11-04,728.9322509765626
1992-11-05,767.4193115234375
1992-11-06,759.5762939453125
1992-11-07,752.8644409179686
1992-11-08,747.8227539062499
1992-11-09,743.5868530273435
1992-11-10,739.8655395507812
1992-11-11,736.4707641601561
1992-11-12,748.9128417968751
1992-11-13,757.5434570312499
1992-11-14,751.3307495117188
1992-11-15,746.4562377929688
1992-11-16,742.4864501953125
1992-11-17,739.079833984375
1992-11-18,735.8072509765626
1992-11-19,732.6080932617188
1992-11-20,729.5918579101561
1992-11-21,742.2471313476561
1992-11-22,755.1751708984373
1992-11-23,773.1397094726561
1992-11-24,769.0155639648436
1992-11-25,793.2419433593751
1992-11-26,813.5729370117186
1992-11-27,761.9320678710938
1992-11-28,754.5902709960938
1992-11-29,749.3215942382812
1992-11-30,745.0134887695311
1992-12-01,741.3026123046875
1992-12-02,738.0584106445312
1992-12-03,735.209716796875
1992-12-04,732.5688476562499
1992-12-05,734.9568481445312
1992-12-06,732.5520629882814
1992-12-07,743.5272216796876
1992-12-08,740.1459960937501
1992-12-09,737.24169921875
1992-12-10,754.1259765625
1992-12-11,748.9666748046875
1992-12-12,744.7487182617189
1992-12-13,741.1297607421875
1992-12-14,737.8692016601561
1992-12-15,735.0560302734375
1992-12-16,737.737548828125
1992-12-17,765.2363891601561
1992-12-18,760.8220825195314
1992-12-19,753.7435302734375
1992-12-20,748.2374877929688
1992-12-21,744.1640625
1992-12-22,746.3158569335938
1992-12-23,741.9333496093749
1992-12-24,738.2322387695311
1992-12-25,735.4259643554688
1992-12-26,733.4780883789062
1992-12-27,731.0394287109375
1992-12-28,729.0225219726561
1992-12-29,726.85107421875
1992-12-30,724.5780639648436
1992-12-31,722.5478515625
1993-01-01,720.1751708984375
1993-01-02,718.0556030273438
1993-01-03,716.19287109375
1993-01-04,714.316162109375
1993-01-05,725.0759887695311
1993-01-06,730.1705932617188
1993-01-07,736.32080078125
1993-01-08,757.2105712890625
1993-01-09,761.1673583984374
1993-01-10,759.5875854492186
1993-01-11,761.6594238281249
1993-01-12,772.4863281249999
1993-01-13,770.109375
1993-01-14,759.4680786132812
1993-01-15,752.8868408203125
1993-01-16,747.8656005859374
1993-01-17,743.7256469726561
1993-01-18,740.0458984375
1993-01-19,736.8021240234374
1993-01-20,737.4285888671875
1993-01-21,761.5264892578125
1993-01-22,760.7644653320312
1993-01-23,753.6333618164062
1993-01-24,748.2252807617188
1993-01-25,744.0844116210938
1993-01-26,740.6406860351561
1993-01-27,737.6110229492188
1993-01-28,734.6558837890625
1993-01-29,731.8381347656249
1993-01-30,729.2471313476561
1993-01-31,726.9752807617188
1993-02-01,724.6264038085939
1993-02-02,722.5355834960938
1993-02-03,720.7907104492186
1993-02-04,719.0504150390625
1993-02-05,717.2168579101562
1993-02-06,715.3311767578124
1993-02-07,736.4703369140625
1993-02-08,765.8742065429686
1993-02-09,756.7805175781249
1993-02-10,750.7347412109375
1993-02-11,745.8815917968751
1993-02-12,759.149169921875
1993-02-13,754.7933959960936
1993-02-14,749.2598876953125
1993-02-15,744.8859863281249
1993-02-16,756.2863159179686
1993-02-17,771.0155029296875
1993-02-18,760.0996093750001
1993-02-19,753.6411743164062
1993-02-20,748.6494750976562
1993-02-21,744.0985717773436
1993-02-22,765.770751953125
1993-02-23,756.8193359375001
1993-02-24,750.9139404296876
1993-02-25,746.3157958984374
1993-02-26,761.372802734375
1993-02-27,754.2805786132812
1993-02-28,748.9207153320312
1993-03-01,744.530029296875
1993-03-02,740.5970458984374
1993-03-03,751.4227294921875
1993-03-04,777.2244873046875
1993-03-05,762.2649536132812
1993-03-06,754.7628784179686
1993-03-07,749.1098632812499
1993-03-08,744.2870483398436
1993-03-09,739.9166870117186
1993-03-10,735.8876953124999
1993-03-11,732.3102416992186
1993-03-12,729.6701049804686
1993-03-13,770.6731567382812
1993-03-14,760.2459106445312
1993-03-15,753.7033081054688
1993-03-16,751.5231933593751
1993-03-17,761.9244384765625
1993-03-18,763.181396484375
1993-03-19,755.2407836914062
1993-03-20,749.4183959960936
1993-03-21,744.4342651367188
1993-03-22,740.62255859375
1993-03-23,741.1036987304685
1993-03-24,743.3708496093749
1993-03-25,738.7914428710938
1993-03-26,759.4223022460939
1993-03-27,794.1385498046875
1993-03-28,764.9208374023436
1993-03-29,755.4094848632812
1993-03-30,748.3617553710939
1993-03-31,759.2301635742188
1993-04-01,758.6307373046875
1993-04-02,751.4652709960938
1993-04-03,746.5241088867186
1993-04-04,742.0554809570312
1993-04-05,759.5916748046875
1993-04-06,767.9879150390625
1993-04-07,757.6900024414062
1993-04-08,750.6025390624999
1993-04-09,744.8477783203124
1993-04-10,750.6220703125
1993-04-11,744.8215942382812
1993-04-12,739.4927978515625
1993-04-13,734.5001220703125
1993-04-14,730.0349731445311
1993-04-15,725.8794555664062
1993-04-16,729.4342041015626
1993-04-17,726.4363403320311
1993-04-18,723.4173583984374
1993-04-19,720.4169921875
1993-04-20,717.30908203125
1993-04-21,714.1674194335938
1993-04-22,711.8810424804688
1993-04-23,709.7352294921875
1993-04-24,707.28125
1993-04-25,704.6233520507812
1993-04-26,713.7268066406249
1993-04-27,711.0889892578125
1993-04-28,708.5935668945314
1993-04-29,706.1000366210938
1993-04-30,703.3922729492189
1993-05-01,700.5521240234375
1993-05-02,697.4161987304689
1993-05-03,694.3663330078125
1993-05-04,691.2855224609374
1993-05-05,688.2462768554689
1993-05-06,685.0920410156249
1993-05-07,681.7402343750001
1993-05-08,678.3297119140624
1993-05-09,675.2163696289064
1993-05-10,672.1807861328126
1993-05-11,669.1171264648438
1993-05-12,666.0921020507812
1993-05-13,664.1295166015625
1993-05-14,661.6334838867189
1993-05-15,659.001220703125
1993-05-16,656.1489868164064
1993-05-17,652.99658203125
1993-05-18,649.7399902343751
1993-05-19,646.5138549804688
1993-05-20,650.5672607421875
1993-05-21,648.4691162109375
1993-05-22,646.497314453125
1993-05-23,644.2961425781249
1993-05-24,641.6987915039062
1993-05-25,638.6959228515625
1993-05-26,647.6524047851562
1993-05-27,644.6130981445314
1993-05-28,641.4931640624999
1993-05-29,638.3264770507812
1993-05-30,635.0393066406249
1993-05-31,639.7930297851562
1993-06-01,648.4341430664062
1993-06-02,645.2779541015625
1993-06-03,641.9106445312501
1993-06-04,638.1806640624999
1993-06-05,634.3005981445314
1993-06-06,630.74755859375
1993-06-07,627.1329345703125
1993-06-08,623.0817260742188
1993-06-09,618.9798583984375
1993-06-10,614.9417724609374
1993-06-11,610.8104858398438
1993-06-12,606.8079833984375
1993-06-13,610.7473754882814
1993-06-14,607.3190917968751
1993-06-15,604.1008911132814
1993-06-16,600.5519409179688
1993-06-17,597.0527954101564
1993-06-18,593.6315307617188
1993-06-19,590.3171386718751
1993-06-20,586.9282836914064
1993-06-21,583.5296020507812
1993-06-22,580.2620239257812
1993-06-23,576.7941284179688
1993-06-24,583.2077636718751
1993-06-25,587.217529296875
1993-06-26,590.3724975585938
1993-06-27,586.9785156249999
1993-06-28,583.4208374023439
1993-06-29,580.0025634765624
1993-06-30,587.1280517578125
1993-07-01,583.8445434570312
1993-07-02,579.9004516601564
1993-07-03,576.029052734375
1993-07-04,572.0885009765625
1993-07-05,568.1488647460938
1993-07-06,564.1455688476562
1993-07-07,560.1770629882812
1993-07-08,556.1878662109375
1993-07-09,552.3736572265625
1993-07-10,548.5960083007814
1993-07-11,544.8035888671875
1993-07-12,541.1193237304688
1993-07-13,537.517822265625
1993-07-14,533.9205932617188
1993-07-15,530.2471313476562
1993-07-16,526.4898071289064
1993-07-17,522.751220703125
1993-07-18,518.8724365234375
1993-07-19,518.34423828125
1993-07-20,514.3929443359375
1993-07-21,510.5430297851562
1993-07-22,506.798095703125
1993-07-23,503.123779296875
1993-07-24,500.15948486328125
1993-07-25,496.684814453125
1993-07-26,493.22311401367193
1993-07-27,489.7351074218751
1993-07-28,486.3185424804688
1993-07-29,482.73089599609375
1993-07-30,479.28088378906244
1993-07-31,476.3612670898438
1993-08-01,473.59191894531256
1993-08-02,470.70455932617193
1993-08-03,467.8103942871093
1993-08-04,471.0249633789063
1993-08-05,479.5274658203125
1993-08-06,480.02630615234375
1993-08-07,486.51504516601557
1993-08-08,498.0366516113281
1993-08-09,495.36862182617193
1993-08-10,492.79550170898443
1993-08-11,490.2343444824219
1993-08-12,487.52148437499994
1993-08-13,484.6279602050781
1993-08-14,482.92730712890636
1993-08-15,480.02444458007807
1993-08-16,477.1834411621093
1993-08-17,474.19512939453125
1993-08-18,471.03182983398443
1993-08-19,476.4175415039063
1993-08-20,473.5147094726563
1993-08-21,470.4990844726563
1993-08-22,467.502685546875
1993-08-23,464.6398620605469
1993-08-24,461.8932495117188
1993-08-25,459.30960083007807
1993-08-26,456.72512817382807
1993-08-27,454.1623229980468
1993-08-28,451.6061401367188
1993-08-29,449.02447509765625
1993-08-30,446.415283203125
1993-08-31,443.90280151367193
1993-09-01,441.3547668457031
1993-09-02,438.70849609375
1993-09-03,436.11376953124994
1993-09-04,437.1021728515625
1993-09-05,436.3355102539063
1993-09-06,434.0942993164063
1993-09-07,440.0441589355469
1993-09-08,438.0767822265625
1993-09-09,435.9679870605469
1993-09-10,433.80078125
1993-09-11,432.05639648437506
1993-09-12,430.33978271484375
1993-09-13,428.421417236328
1993-09-14,426.4444274902344
1993-09-15,424.35977172851557
1993-09-16,422.1428527832031
1993-09-17,420.84671020507807
1993-09-18,418.85452270507807
1993-09-19,416.9596557617188
1993-09-20,415.0009765625
1993-09-21,417.03717041015625
1993-09-22,415.2653198242188
1993-09-23,413.48883056640636
1993-09-24,411.5981750488281
1993-09-25,409.6084899902344
1993-09-26,407.6389770507813
1993-09-27,409.75436401367193
1993-09-28,409.94049072265625
1993-09-29,408.6576538085938
1993-09-30,407.45758056640636
1993-10-01,406.46945190429693
1993-10-02,405.3711242675781
1993-10-03,404.06811523437506
1993-10-04,402.73901367187506
1993-10-05,401.4064331054688
1993-10-06,400.058349609375
1993-10-07,398.7572326660156
1993-10-08,397.3599243164063
1993-10-09,395.8858337402343
1993-10-10,394.39624023437506
1993-10-11,393.2765197753906
1993-10-12,392.47537231445307
1993-10-13,391.5972290039063
1993-10-14,390.57653808593756
1993-10-15,389.43466186523443
1993-10-16,399.50512695312494
1993-10-17,408.4293823242188
1993-10-18,407.0369567871094
1993-10-19,405.46630859375
1993-10-20,403.95361328125
1993-10-21,402.4894409179688
1993-10-22,410.07070922851557
1993-10-23,421.63385009765625
1993-10-24,420.64825439453125
1993-10-25,419.59188842773443
1993-10-26,418.41137695312494
1993-10-27,417.2547607421875
1993-10-28,416.24945068359375
1993-10-29,415.45169067382807
1993-10-30,498.62036132812494
1993-10-31,497.86441040039057
1993-11-01,497.2889404296876
1993-11-02,496.6637268066406
1993-11-03,495.93450927734375
1993-11-04,494.9614868164063
1993-11-05,522.6074829101561
1993-11-06,533.4387817382812
1993-11-07,532.6994018554688
1993-11-08,531.9702758789062
1993-11-09,531.1529541015625
1993-11-10,530.3069458007814
1993-11-11,529.4114990234375
1993-11-12,528.5430908203125
1993-11-13,527.5339965820312
1993-11-14,526.1892089843751
1993-11-15,524.4915771484375
1993-11-16,522.7821655273438
1993-11-17,521.09814453125
1993-11-18,519.9181518554688
1993-11-19,518.9609375
1993-11-20,518.0636596679689
1993-11-21,517.3612670898439
1993-11-22,516.5932006835938
1993-11-23,515.7047119140624
1993-11-24,514.775390625
1993-11-25,513.822265625
1993-11-26,512.8009643554688
1993-11-27,550.158447265625
1993-11-28,549.4314575195312
1993-11-29,548.67431640625
1993-11-30,547.8718261718751
1993-12-01,547.0625610351562
1993-12-02,546.2955322265625
1993-12-03,545.4251708984375
1993-12-04,544.3125
1993-12-05,561.4100952148438
1993-12-06,560.54443359375
1993-12-07,559.7637329101561
1993-12-08,558.9694213867189
1993-12-09,558.0985717773436
1993-12-10,567.115234375
1993-12-11,577.2408447265624
1993-12-12,576.6302490234376
1993-12-13,575.9894409179688
1993-12-14,585.2568359375001
1993-12-15,586.7157592773438
1993-12-16,585.8796997070314
1993-12-17,585.0072631835936
1993-12-18,584.1434326171875
1993-12-19,583.3162841796875
1993-12-20,604.8480224609374
1993-12-21,604.414794921875
1993-12-22,603.7911987304689
1993-12-23,610.2689819335938
1993-12-24,609.7229614257812
1993-12-25,609.1774291992188
1993-12-26,608.5802612304689
1993-12-27,607.8161010742188
1993-12-28,606.8300781249999
1993-12-29,607.2075195312501
1993-12-30,606.5264892578125
1993-12-31,606.0018310546874
1994-01-01,605.38427734375
1994-01-02,604.6564941406249
1994-01-03,612.9716796875
1994-01-04,636.4232177734375
1994-01-05,635.7872924804688
1994-01-06,635.0978393554688
1994-01-07,634.1384887695312
1994-01-08,639.7235107421875
1994-01-09,639.1729125976561
1994-01-10,638.5629272460939
1994-01-11,637.8742675781249
1994-01-12,660.0695190429688
1994-01-13,659.0828857421875
1994-01-14,658.239501953125
1994-01-15,657.627685546875
1994-01-16,657.1879272460939
1994-01-17,657.2352294921875
1994-01-18,667.6611328125
1994-01-19,667.233154296875
1994-01-20,666.7463989257812
1994-01-21,666.0903930664062
1994-01-22,665.451416015625
1994-01-23,664.6500854492189
1994-01-24,663.6602783203124
1994-01-25,662.5147705078125
1994-01-26,661.2166748046875
1994-01-27,659.872314453125
1994-01-28,686.7393798828124
1994-01-29,685.2739868164064
1994-01-30,686.7928466796876
1994-01-31,685.7328491210938
1994-02-01,684.8762817382811
1994-02-02,684.1239013671875
1994-02-03,683.3167724609374
1994-02-04,682.3655395507814
1994-02-05,693.1036376953125
1994-02-06,699.9927368164064
1994-02-07,698.4757690429688
1994-02-08,707.5044555664062
1994-02-09,705.5393676757812
1994-02-10,708.8738403320311
1994-02-11,721.2316284179686
1994-02-12,729.9036865234375
1994-02-13,727.5690307617188
1994-02-14,725.5156860351561
1994-02-15,723.4653320312499
1994-02-16,721.3189697265625
1994-02-17,719.1780395507814
1994-02-18,716.8958740234375
1994-02-19,714.4415893554688
1994-02-20,711.98291015625
1994-02-21,709.4837036132812
1994-02-22,712.891845703125
1994-02-23,715.9102172851562
1994-02-24,739.8394165039062
1994-02-25,736.6092529296875
1994-02-26,733.5272827148436
1994-02-27,730.9521484375
1994-02-28,728.5578002929686
1994-03-01,732.3593139648436
1994-03-02,767.425537109375
1994-03-03,767.8819580078125
1994-03-04,757.8197021484375
1994-03-05,750.7506713867188
1994-03-06,745.2329711914061
1994-03-07,740.460205078125
1994-03-08,736.0736083984374
1994-03-09,731.9933471679686
1994-03-10,742.8478393554688
1994-03-11,739.3171386718751
1994-03-12,736.119445800781
1994-03-13,733.0393676757811
1994-03-14,729.9552001953125
1994-03-15,726.8921508789062
1994-03-16,723.9352416992186
1994-03-17,721.6178588867186
1994-03-18,719.1582641601562
1994-03-19,716.5093383789064
1994-03-20,713.863037109375
1994-03-21,710.7763671875
1994-03-22,708.2273559570314
1994-03-23,705.8717041015625
1994-03-24,710.5359497070314
1994-03-25,758.9114990234374
1994-03-26,751.5573120117186
1994-03-27,745.431945800781
1994-03-28,755.5367431640626
1994-03-29,773.89453125
1994-03-30,760.8452148437502
1994-03-31,753.1359252929688
1994-04-01,747.5314941406249
1994-04-02,742.69921875
1994-04-03,738.346008300781
1994-04-04,735.6408081054688
1994-04-05,731.9550170898438
1994-04-06,733.489501953125
1994-04-07,733.1382446289061
1994-04-08,729.8965454101561
1994-04-09,726.4948120117186
1994-04-10,722.7249145507811
1994-04-11,718.799560546875
1994-04-12,714.9927978515625
1994-04-13,713.3773803710938
1994-04-14,710.4453125
1994-04-15,707.1503906249999
1994-04-16,733.2244873046875
1994-04-17,729.5186157226561
1994-04-18,725.8770141601561
1994-04-19,722.2706298828124
1994-04-20,718.4874267578124
1994-04-21,714.7189331054689
1994-04-22,711.0508422851562
1994-04-23,708.0154418945312
1994-04-24,705.4260864257812
1994-04-25,702.4655761718751
1994-04-26,699.0551147460938
1994-04-27,695.4425659179688
1994-04-28,695.5635986328125
1994-04-29,692.1898803710938
1994-04-30,688.9264526367189
1994-05-01,685.6259765625
1994-05-02,683.0202026367189
1994-05-03,680.6808471679688
1994-05-04,689.9222412109375
1994-05-05,687.662353515625
1994-05-06,685.1876831054689
1994-05-07,682.5578613281249
1994-05-08,688.9893188476561
1994-05-09,686.4418945312501
1994-05-10,683.5806274414064
1994-05-11,680.73046875
1994-05-12,677.7577514648438
1994-05-13,674.6286010742188
1994-05-14,671.6150512695312
1994-05-15,670.9670410156249
1994-05-16,671.6506347656249
1994-05-17,668.7545776367188
1994-05-18,665.9242553710939
1994-05-19,663.205322265625
1994-05-20,661.0526733398436
1994-05-21,658.8107299804688
1994-05-22,656.4511108398438
1994-05-23,653.5941162109375
1994-05-24,650.34375
1994-05-25,646.9743652343751
1994-05-26,643.6094360351561
1994-05-27,644.1070556640625
1994-05-28,641.3925170898438
1994-05-29,638.4181518554688
1994-05-30,635.427978515625
1994-05-31,632.4664916992189
1994-06-01,632.9241943359375
1994-06-02,629.2264404296876
1994-06-03,625.5001220703125
1994-06-04,621.7672119140624
1994-06-05,618.2380981445314
1994-06-06,617.5152587890625
1994-06-07,620.2857055664062
1994-06-08,620.33740234375
1994-06-09,624.9737548828124
1994-06-10,640.2544555664062
1994-06-11,636.544677734375
1994-06-12,646.4764404296876
1994-06-13,642.6564941406249
1994-06-14,650.9393920898438
1994-06-15,654.8822631835936
1994-06-16,664.7335205078125
1994-06-17,665.9906005859375
1994-06-18,662.219970703125
1994-06-19,658.4868774414064
1994-06-20,654.6560668945314
1994-06-21,650.6675415039062
1994-06-22,646.4628906249999
1994-06-23,651.9871215820312
1994-06-24,650.6565551757812
1994-06-25,652.7874145507814
1994-06-26,649.1867675781249
1994-06-27,664.8226928710938
1994-06-28,690.1815795898438
1994-06-29,702.8310546875001
1994-06-30,715.8056640624999
1994-07-01,711.0062255859375
1994-07-02,706.2805786132812
1994-07-03,701.7534790039062
1994-07-04,713.3076171875
1994-07-05,765.160217285156
1994-07-06,819.7009887695311
1994-07-07,772.916748046875
1994-07-08,768.466064453125
1994-07-09,761.1963500976562
1994-07-10,755.8922119140626
1994-07-11,749.7957153320312
1994-07-12,748.6200561523436
1994-07-13,741.0516357421875
1994-07-14,740.1837158203125
1994-07-15,733.6560668945311
1994-07-16,727.7702026367188
1994-07-17,722.2018432617188
1994-07-18,716.9070434570312
1994-07-19,711.8834838867189
1994-07-20,725.7526245117186
1994-07-21,729.5416870117186
1994-07-22,734.1358642578125
1994-07-23,745.7772216796876
1994-07-24,738.5814819335938
1994-07-25,735.8463745117186
1994-07-26,735.1508178710938
1994-07-27,757.3751831054686
1994-07-28,772.6049194335938
1994-07-29,757.8975830078125
1994-07-30,748.789794921875
1994-07-31,741.6138305664062
1994-08-01,748.6555175781249
1994-08-02,743.0451049804686
1994-08-03,736.340087890625
1994-08-04,751.3336181640626
1994-08-05,744.3316040039064
1994-08-06,745.2791137695311
1994-08-07,738.7850952148438
1994-08-08,733.1596679687501
1994-08-09,727.8936157226561
1994-08-10,722.8843994140626
1994-08-11,718.0567626953125
1994-08-12,713.3911743164062
1994-08-13,708.8927001953125
1994-08-14,710.12890625
1994-08-15,716.4149169921875
1994-08-16,759.0133666992188
1994-08-17,807.4857788085939
1994-08-18,759.7957763671875
1994-08-19,750.2650756835938
1994-08-20,742.8486938476562
1994-08-21,761.1389770507811
1994-08-22,770.9318237304686
1994-08-23,757.3467407226561
1994-08-24,748.6102905273436
1994-08-25,741.8724975585938
1994-08-26,736.0963745117186
1994-08-27,730.8261108398438
1994-08-28,725.8348388671875
1994-08-29,720.9532470703125
1994-08-30,716.1826782226564
1994-08-31,711.519287109375
1994-09-01,707.01806640625
1994-09-02,709.9247436523439
1994-09-03,725.2701416015626
1994-09-04,724.2647094726561
1994-09-05,720.5296020507812
1994-09-06,716.7257690429688
1994-09-07,712.858154296875
1994-09-08,715.3445434570312
1994-09-09,719.8856201171876
1994-09-10,715.8016967773438
1994-09-11,711.8163452148438
1994-09-12,708.067626953125
1994-09-13,704.4769287109375
1994-09-14,701.0421752929689
1994-09-15,697.7057495117189
1994-09-16,694.2328491210938
1994-09-17,713.3330078125
1994-09-18,739.7212524414062
1994-09-19,735.8113403320311
1994-09-20,731.6157226562499
1994-09-21,727.7599487304685
1994-09-22,724.1773681640626
1994-09-23,720.6337890624999
1994-09-24,724.1950073242188
1994-09-25,720.230712890625
1994-09-26,716.8984375
1994-09-27,713.7849731445314
1994-09-28,710.759521484375
1994-09-29,707.6790771484375
1994-09-30,704.7273559570314
1994-10-01,701.7431640624999
1994-10-02,712.8650512695312
1994-10-03,739.9064331054686
1994-10-04,741.8778076171876
1994-10-05,737.4345092773438
1994-10-06,733.3547973632812
1994-10-07,729.5727539062499
1994-10-08,726.0225219726561
1994-10-09,722.3953857421875
1994-10-10,729.9252929687501
1994-10-11,731.9463500976562
1994-10-12,769.3868408203125
1994-10-13,794.875
1994-10-14,768.9855346679686
1994-10-15,757.935302734375
1994-10-16,750.6856689453126
1994-10-17,745.3194580078125
1994-10-18,740.7284545898436
1994-10-19,736.6250610351562
1994-10-20,732.5955810546874
1994-10-21,728.7513427734374
1994-10-22,733.2180175781249
1994-10-23,739.4493408203125
1994-10-24,735.3287963867188
1994-10-25,731.694580078125
1994-10-26,728.3847656249999
1994-10-27,725.7144775390626
1994-10-28,723.3980102539061
1994-10-29,721.1521606445312
1994-10-30,730.126953125
1994-10-31,735.905029296875
1994-11-01,737.9888305664062
1994-11-02,734.7017211914061
1994-11-03,731.5159912109375
1994-11-04,728.4489135742188
1994-11-05,725.2702026367188
1994-11-06,722.0811157226561
1994-11-07,719.3905639648439
1994-11-08,716.954833984375
1994-11-09,714.4006347656249
1994-11-10,711.6000366210938
1994-11-11,712.1427001953125
1994-11-12,710.2138671875
1994-11-13,708.22607421875
1994-11-14,706.1478881835938
1994-11-15,704.022705078125
1994-11-16,701.8854370117188
1994-11-17,699.9237670898438
1994-11-18,697.95166015625
1994-11-19,695.8836059570314
1994-11-20,694.0650024414064
1994-11-21,705.2106323242188
1994-11-22,703.2820434570312
1994-11-23,701.5142211914064
1994-11-24,700.2700805664062
1994-11-25,699.033935546875
1994-11-26,710.4961547851562
1994-11-27,740.7088623046875
1994-11-28,749.955810546875
1994-11-29,755.512451171875
1994-11-30,756.5751342773438
1994-12-01,750.6816406249999
1994-12-02,746.0081787109375
1994-12-03,741.9165649414062
1994-12-04,745.3226928710938
1994-12-05,755.82568359375
1994-12-06,749.45068359375
1994-12-07,744.4940185546875
1994-12-08,740.2930908203125
1994-12-09,736.6071166992188
1994-12-10,733.4290771484375
1994-12-11,750.386962890625
1994-12-12,746.0322265625
1994-12-13,742.3470458984374
1994-12-14,738.9809570312499
1994-12-15,735.8673095703124
1994-12-16,733.0166625976561
1994-12-17,730.7836303710938
1994-12-18,728.361083984375
1994-12-19,726.2838745117186
1994-12-20,724.3689575195312
1994-12-21,722.4305419921875
1994-12-22,729.5043334960938
1994-12-23,741.066467285156
1994-12-24,742.4398803710938
1994-12-25,738.9180908203125
1994-12-26,735.7030639648436
1994-12-27,732.8524169921875
1994-12-28,730.2044677734374
1994-12-29,727.6603393554688
1994-12-30,728.1307983398436
1994-12-31,726.0559692382812
1995-01-01,724.6066284179686
1995-01-02,722.6233520507811
1995-01-03,720.9241943359374
1995-01-04,719.3765258789064
1995-01-05,718.00927734375
1995-01-06,716.6998291015625
1995-01-07,750.5887451171876
1995-01-08,746.1033935546875
1995-01-09,742.2802124023438
1995-01-10,738.822998046875
1995-01-11,735.6668701171876
1995-01-12,732.5585327148436
1995-01-13,729.4262695312499
1995-01-14,745.6331176757811
1995-01-15,752.1883544921875
1995-01-16,746.8561401367188
1995-01-17,742.6416015625
1995-01-18,738.9311523437501
1995-01-19,738.7547607421875
1995-01-20,735.5230712890625
1995-01-21,732.954833984375
1995-01-22,730.5709228515625
1995-01-23,736.7720947265626
1995-01-24,734.24560546875
1995-01-25,731.8336181640626
1995-01-26,729.4591064453125
1995-01-27,727.2304077148436
1995-01-28,742.807373046875
1995-01-29,745.6674194335938
1995-01-30,742.9589843750001
1995-01-31,739.7229614257811
1995-02-01,736.7379760742188
1995-02-02,733.6669921875
1995-02-03,730.6502075195312
1995-02-04,733.3035888671875
1995-02-05,730.9971923828124
1995-02-06,729.0058593750001
1995-02-07,727.0504760742188
1995-02-08,725.21484375
1995-02-09,723.6824951171876
1995-02-10,730.9677734375
1995-02-11,790.24609375
1995-02-12,770.2706909179686
1995-02-13,759.8103637695311
1995-02-14,753.1556396484375
1995-02-15,751.6653442382812
1995-02-16,758.3467407226561
1995-02-17,795.0183715820312
1995-02-18,795.3591918945311
1995-02-19,765.58056640625
1995-02-20,757.1362304687501
1995-02-21,750.6392211914061
1995-02-22,745.9066162109375
1995-02-23,741.6395263671875
1995-02-24,737.6564941406249
1995-02-25,734.6459350585938
1995-02-26,731.7059326171875
1995-02-27,728.5979003906251
1995-02-28,732.8917846679686
1995-03-01,758.1870727539061
1995-03-02,751.3862915039062
1995-03-03,746.1080932617188
1995-03-04,748.9277343750001
1995-03-05,748.0125732421876
1995-03-06,757.0658569335938
1995-03-07,750.1013793945312
1995-03-08,761.261474609375
1995-03-09,754.1133422851561
1995-03-10,748.7109985351562
1995-03-11,744.1649780273436
1995-03-12,740.0375976562499
1995-03-13,736.0962524414062
1995-03-14,732.456298828125
1995-03-15,729.0177001953125
1995-03-16,729.0953369140625
1995-03-17,725.8054809570312
1995-03-18,722.5616455078125
1995-03-19,719.8602905273438
1995-03-20,717.185546875
1995-03-21,714.3164672851562
1995-03-22,711.519775390625
1995-03-23,708.2011108398438
1995-03-24,705.2363891601562
1995-03-25,702.8682861328126
1995-03-26,700.5458984375
1995-03-27,698.8475952148438
1995-03-28,696.5987548828124
1995-03-29,694.2003173828125
1995-03-30,691.9630737304689
1995-03-31,689.9788208007814
1995-04-01,688.298583984375
1995-04-02,686.5767211914064
1995-04-03,684.7130737304689
1995-04-04,682.6102294921875
1995-04-05,680.5299682617189
1995-04-06,680.0461425781249
1995-04-07,678.897705078125
1995-04-08,676.5572509765624
1995-04-09,674.0462036132812
1995-04-10,671.3534545898436
1995-04-11,668.4179077148438
1995-04-12,677.9310913085938
1995-04-13,675.740478515625
1995-04-14,673.7066650390625
1995-04-15,671.5869750976562
1995-04-16,669.2108764648438
1995-04-17,666.5582885742188
1995-04-18,663.707275390625
1995-04-19,660.7091674804686
1995-04-20,663.633544921875
1995-04-21,665.1091918945312
1995-04-22,666.4105834960938
1995-04-23,670.7374877929688
1995-04-24,675.9415893554688
1995-04-25,674.3369140624999
1995-04-26,672.420166015625
1995-04-27,670.2125854492189
1995-04-28,667.8503417968751
1995-04-29,665.594970703125
1995-04-30,663.0938110351562
1995-05-01,665.2987060546875
1995-05-02,667.1546630859376
1995-05-03,665.240478515625
1995-05-04,663.1288452148438
1995-05-05,660.6086425781249
1995-05-06,658.2069091796875
1995-05-07,655.65771484375
1995-05-08,652.7442016601564
1995-05-09,649.4052124023439
1995-05-10,646.0866088867189
1995-05-11,642.7949829101562
1995-05-12,639.5617065429689
1995-05-13,636.3627319335938
1995-05-14,632.9899902343751
1995-05-15,629.5970458984375
1995-05-16,639.3152465820312
1995-05-17,635.7869873046875
1995-05-18,632.0403442382812
1995-05-19,628.9771118164062
1995-05-20,626.143310546875
1995-05-21,623.5875244140625
1995-05-22,620.8181152343751
1995-05-23,617.8630981445314
1995-05-24,614.9346923828124
1995-05-25,611.8055419921875
1995-05-26,608.3440551757812
1995-05-27,604.6187744140625
1995-05-28,605.477294921875
1995-05-29,608.2363281249999
1995-05-30,607.337646484375
1995-05-31,620.8382568359375
1995-06-01,634.5231323242188
1995-06-02,632.03759765625
1995-06-03,628.6813354492189
1995-06-04,625.2164916992189
1995-06-05,646.8727416992189
1995-06-06,685.4556274414064
1995-06-07,685.8877563476561
1995-06-08,681.4581909179688
1995-06-09,676.6781005859375
1995-06-10,672.2128295898438
1995-06-11,667.9422607421875
1995-06-12,672.1839599609375
1995-06-13,671.3680419921875
1995-06-14,668.6447143554688
1995-06-15,665.6444091796875
1995-06-16,662.4007568359375
1995-06-17,659.2105712890625
1995-06-18,656.0376586914064
1995-06-19,652.8282470703125
1995-06-20,656.8726196289064
1995-06-21,661.4425048828124
1995-06-22,658.8004760742188
1995-06-23,655.290771484375
1995-06-24,651.4614868164064
1995-06-25,649.4099731445314
1995-06-26,652.1395874023439
1995-06-27,658.1124877929688
1995-06-28,654.2070922851562
1995-06-29,650.338623046875
1995-06-30,646.5975341796875
1995-07-01,670.4736938476562
1995-07-02,666.6911010742188
1995-07-03,663.8883056640625
1995-07-04,659.81005859375
1995-07-05,655.6668701171876
1995-07-06,651.3662109375001
1995-07-07,647.3970336914064
1995-07-08,643.5560302734376
1995-07-09,639.908203125
1995-07-10,636.0433959960936
1995-07-11,631.8684082031249
1995-07-12,627.7696533203124
1995-07-13,623.7171630859376
1995-07-14,619.7964477539062
1995-07-15,615.7100219726562
1995-07-16,611.3970947265624
1995-07-17,607.0909423828124
1995-07-18,624.4986572265625
1995-07-19,620.4511718750001
1995-07-20,616.1956176757812
1995-07-21,611.84521484375
1995-07-22,608.0631713867189
1995-07-23,603.9294433593751
1995-07-24,599.6401977539062
1995-07-25,595.4014892578125
1995-07-26,591.165771484375
1995-07-27,587.3937377929688
1995-07-28,592.2670288085939
1995-07-29,588.6754150390625
1995-07-30,585.0960693359375
1995-07-31,581.538818359375
1995-08-01,578.0374755859375
1995-08-02,574.5621948242189
1995-08-03,573.7301635742189
1995-08-04,575.5718383789064
1995-08-05,572.3722534179688
1995-08-06,568.8700561523438
1995-08-07,565.3005371093751
1995-08-08,562.4646606445312
1995-08-09,559.6666870117188
1995-08-10,556.7822875976562
1995-08-11,553.60205078125
1995-08-12,550.2034301757812
1995-08-13,546.556640625
1995-08-14,542.669677734375
1995-08-15,538.6609497070314
1995-08-16,534.6722412109375
1995-08-17,530.9207763671876
1995-08-18,527.0491943359375
1995-08-19,523.242919921875
1995-08-20,539.5492553710939
1995-08-21,542.1383056640625
1995-08-22,539.0831909179688
1995-08-23,535.9575805664064
1995-08-24,535.2350463867189
1995-08-25,539.538818359375
1995-08-26,568.8524780273438
1995-08-27,588.0570068359375
1995-08-28,591.5061645507814
1995-08-29,588.4595947265624
1995-08-30,585.3163452148438
1995-08-31,582.2239990234376
1995-09-01,579.1558227539062
1995-09-02,576.2025146484375
1995-09-03,573.5670776367188
1995-09-04,571.2396850585938
1995-09-05,568.8763427734375
1995-09-06,566.5817260742188
1995-09-07,564.2637329101561
1995-09-08,561.762939453125
1995-09-09,559.190185546875
1995-09-10,556.4996337890625
1995-09-11,553.7938842773438
1995-09-12,551.1671752929689
1995-09-13,548.5291748046875
1995-09-14,564.3048095703124
1995-09-15,567.0487060546875
1995-09-16,566.72607421875
1995-09-17,572.150146484375
1995-09-18,569.558349609375
1995-09-19,567.1172485351562
1995-09-20,564.8341064453125
1995-09-21,562.40625
1995-09-22,559.908447265625
1995-09-23,570.196044921875
1995-09-24,578.1234741210938
1995-09-25,579.0850830078125
1995-09-26,579.4109497070314
1995-09-27,577.2937622070312
1995-09-28,575.1893310546874
1995-09-29,573.2106323242188
1995-09-30,571.201904296875
1995-10-01,569.1513061523438
1995-10-02,566.9548950195312
1995-10-03,564.5640258789062
1995-10-04,603.7250366210938
1995-10-05,644.9409790039062
1995-10-06,642.5280151367189
1995-10-07,640.2105712890625
1995-10-08,638.2367553710939
1995-10-09,636.2313842773438
1995-10-10,634.1398925781249
1995-10-11,631.915771484375
1995-10-12,629.73828125
1995-10-13,629.7100830078125
1995-10-14,635.1783447265624
1995-10-15,633.5386352539064
1995-10-16,632.0081176757812
1995-10-17,630.4255981445314
1995-10-18,628.8265991210938
1995-10-19,627.0540161132812
1995-10-20,625.237060546875
1995-10-21,623.9776000976562
1995-10-22,622.677001953125
1995-10-23,621.2730712890625
1995-10-24,619.6038208007814
1995-10-25,617.8724365234376
1995-10-26,616.4121093750001
1995-10-27,614.7702636718751
1995-10-28,656.161376953125
1995-10-29,654.7874755859375
1995-10-30,653.5014038085939
1995-10-31,658.2208862304689
1995-11-01,662.1318969726562
1995-11-02,671.111572265625
1995-11-03,675.42041015625
1995-11-04,674.1713256835938
1995-11-05,673.1663818359376
1995-11-06,672.2208862304689
1995-11-07,703.3197021484375
1995-11-08,712.6339721679688
1995-11-09,711.141845703125
1995-11-10,709.6052856445312
1995-11-11,737.38818359375
1995-11-12,736.9392089843751
1995-11-13,734.1618652343751
1995-11-14,738.609680175781
1995-11-15,735.7528076171876
1995-11-16,733.1545410156249
1995-11-17,730.6858520507811
1995-11-18,728.2583618164062
1995-11-19,725.7839965820312
1995-11-20,723.3721923828124
1995-11-21,721.1732788085939
1995-11-22,719.3145751953125
1995-11-23,717.4785766601564
1995-11-24,715.5620727539062
1995-11-25,713.8775024414064
1995-11-26,712.19287109375
1995-11-27,710.3900146484375
1995-11-28,708.2461547851562
1995-11-29,706.1331176757812
1995-11-30,704.6588745117189
1995-12-01,703.2540283203124
1995-12-02,701.7424926757812
1995-12-03,700.2113647460938
1995-12-04,698.5665893554688
1995-12-05,698.7548217773436
1995-12-06,697.0893554687499
1995-12-07,716.8139038085939
1995-12-08,715.293212890625
1995-12-09,727.158447265625
1995-12-10,725.4753417968751
1995-12-11,723.8751220703125
1995-12-12,722.1878662109375
1995-12-13,720.3834228515625
1995-12-14,718.4296875
1995-12-15,716.211181640625
1995-12-16,713.8788452148438
1995-12-17,711.8427124023439
1995-12-18,723.3812255859374
1995-12-19,762.9288330078125
1995-12-20,755.0403442382812
1995-12-21,749.8277587890625
1995-12-22,745.7068481445312
1995-12-23,742.2791748046875
1995-12-24,739.263916015625
1995-12-25,736.591552734375
1995-12-26,734.1011352539062
1995-12-27,731.8103637695311
1995-12-28,729.7203369140625
1995-12-29,727.8095703125
1995-12-30,725.9017944335938
1995-12-31,729.4247436523438
1996-01-01,741.4576416015626
1996-01-02,745.157470703125
1996-01-03,742.5015869140625
1996-01-04,739.4104003906251
1996-01-05,736.5811157226561
1996-01-06,733.8935546875001
1996-01-07,758.3761596679686
1996-01-08,752.556396484375
1996-01-09,748.005126953125
1996-01-10,744.0509643554688
1996-01-11,740.6505737304686
1996-01-12,747.5387573242188
1996-01-13,743.6135864257811
1996-01-14,740.02392578125
1996-01-15,736.6456298828124
1996-01-16,733.4877929687501
1996-01-17,730.769775390625
1996-01-18,731.0714721679686
1996-01-19,742.5128173828125
1996-01-20,739.5777587890625
1996-01-21,736.8338012695311
1996-01-22,734.2713012695311
1996-01-23,731.7742919921875
1996-01-24,743.4039306640626
1996-01-25,739.9841918945311
1996-01-26,736.9569091796875
1996-01-27,773.0640869140625
1996-01-28,761.2436523437501
1996-01-29,754.2601928710938
1996-01-30,752.7286987304685
1996-01-31,774.8775634765625
1996-02-01,761.7894287109375
1996-02-02,777.0208740234374
1996-02-03,807.0058593750001
1996-02-04,762.7769775390626
1996-02-05,755.7763061523436
1996-02-06,750.5771484375
1996-02-07,746.1633911132814
1996-02-08,742.1895141601561
1996-02-09,738.2387695312499
1996-02-10,734.8436279296875
1996-02-11,731.6144409179686
1996-02-12,729.0599365234375
1996-02-13,727.0006713867188
1996-02-14,724.8206176757811
1996-02-15,722.3676147460938
1996-02-16,720.3385620117188
1996-02-17,718.8596801757812
1996-02-18,717.2645874023439
1996-02-19,715.4946899414064
1996-02-20,721.996337890625
1996-02-21,719.5650024414064
1996-02-22,717.0752563476561
1996-02-23,714.5016479492189
1996-02-24,711.9142456054688
1996-02-25,709.7824096679689
1996-02-26,707.5167846679688
1996-02-27,704.9199829101562
1996-02-28,720.5487060546875
1996-02-29,737.2593994140626
1996-03-01,734.2691650390625
1996-03-02,731.5506591796875
1996-03-03,728.9585571289062
1996-03-04,726.4918212890625
1996-03-05,723.8647460937501
1996-03-06,749.8231201171876
1996-03-07,818.6129150390625
1996-03-08,773.9675903320311
1996-03-09,761.8264770507811
1996-03-10,754.788330078125
1996-03-11,749.4231567382812
1996-03-12,744.9544677734374
1996-03-13,740.9591674804686
1996-03-14,737.0733642578125
1996-03-15,733.1752929687501
1996-03-16,739.438720703125
1996-03-17,753.9534912109375
1996-03-18,751.7271118164062
1996-03-19,769.1510009765626
1996-03-20,759.0083618164062
1996-03-21,752.8510131835936
1996-03-22,747.732177734375
1996-03-23,743.3224487304685
1996-03-24,739.2387084960938
1996-03-25,735.2391357421875
1996-03-26,742.4407348632812
1996-03-27,738.0419311523436
1996-03-28,757.30517578125
1996-03-29,752.9525756835938
1996-03-30,747.0723876953125
1996-03-31,749.427001953125
1996-04-01,748.0521240234374
1996-04-02,743.5032348632812
1996-04-03,739.1370849609375
1996-04-04,734.8310546875001
1996-04-05,730.8802490234374
1996-04-06,738.4093017578125
1996-04-07,735.1705322265626
1996-04-08,731.9196166992188
1996-04-09,728.7819824218751
1996-04-10,726.2089843750001
1996-04-11,723.6271362304686
1996-04-12,720.7294311523436
1996-04-13,717.6242065429689
1996-04-14,714.41796875
1996-04-15,712.222412109375
1996-04-16,711.3804931640625
1996-04-17,708.9237060546875
1996-04-18,706.2389526367189
1996-04-19,703.50927734375
1996-04-20,706.6046752929689
1996-04-21,711.0161132812501
1996-04-22,707.4517211914064
1996-04-23,703.9869995117189
1996-04-24,701.6715698242188
1996-04-25,699.2736206054688
1996-04-26,699.0416870117188
1996-04-27,696.3900756835938
1996-04-28,693.7633666992189
1996-04-29,690.5861206054688
1996-04-30,734.7730102539061
1996-05-01,731.2762451171876
1996-05-02,727.6315307617188
1996-05-03,723.7418212890625
1996-05-04,719.6791381835938
1996-05-05,715.5113525390625
1996-05-06,711.1535034179688
1996-05-07,707.21728515625
1996-05-08,712.9547729492189
1996-05-09,708.9378662109375
1996-05-10,704.9241333007812
1996-05-11,700.9314575195312
1996-05-12,697.8300170898438
1996-05-13,695.1487426757812
1996-05-14,692.6640625
1996-05-15,690.0157470703125
1996-05-16,687.0747680664062
1996-05-17,683.632568359375
1996-05-18,679.8616943359375
1996-05-19,675.855712890625
1996-05-20,671.8297119140624
1996-05-21,667.8194580078125
1996-05-22,663.7190551757812
1996-05-23,659.7066040039064
1996-05-24,655.5681152343751
1996-05-25,669.5103149414064
1996-05-26,665.5776367187499
1996-05-27,673.9060668945314
1996-05-28,704.0550537109375
1996-05-29,700.2683715820312
1996-05-30,702.1462402343751
1996-05-31,698.9918212890625
1996-06-01,695.9405517578125
1996-06-02,692.6954956054688
1996-06-03,689.3371582031249
1996-06-04,685.9702758789064
1996-06-05,682.6905517578125
1996-06-06,679.1724853515625
1996-06-07,675.4503173828125
1996-06-08,682.4824218750001
1996-06-09,700.9927978515625
1996-06-10,697.2565307617188
1996-06-11,693.5913696289064
1996-06-12,689.7423095703124
1996-06-13,690.1900634765624
1996-06-14,686.0488281249999
1996-06-15,691.6199951171876
1996-06-16,692.6729125976561
1996-06-17,698.8129272460939
1996-06-18,694.5554809570314
1996-06-19,690.1383056640625
1996-06-20,685.6356201171876
1996-06-21,681.2279663085938
1996-06-22,676.6307983398436
1996-06-23,671.7996215820312
1996-06-24,666.9947509765624
1996-06-25,662.3583374023439
1996-06-26,661.8536376953125
1996-06-27,657.6505126953125
1996-06-28,654.079345703125
1996-06-29,650.3703002929689
1996-06-30,646.375
1996-07-01,642.0238647460938
1996-07-02,637.388427734375
1996-07-03,632.9034423828124
1996-07-04,629.3168945312501
1996-07-05,625.7523193359375
1996-07-06,637.8812866210938
1996-07-07,634.0748901367189
1996-07-08,630.0718994140625
1996-07-09,630.3673095703124
1996-07-10,626.63330078125
1996-07-11,622.9061279296875
1996-07-12,619.4374389648438
1996-07-13,615.8568115234376
1996-07-14,628.9961547851562
1996-07-15,634.9903564453125
1996-07-16,642.6427001953125
1996-07-17,638.6943359375001
1996-07-18,634.808837890625
1996-07-19,630.7299804687499
1996-07-20,626.490478515625
1996-07-21,629.7199096679689
1996-07-22,632.5716552734376
1996-07-23,628.5305175781249
1996-07-24,624.5895996093749
1996-07-25,620.7426147460938
1996-07-26,638.87841796875
1996-07-27,635.38916015625
1996-07-28,640.4535522460939
1996-07-29,637.0142211914064
1996-07-30,633.3259887695312
1996-07-31,629.4680175781249
1996-08-01,626.2750854492189
1996-08-02,643.0634765625
1996-08-03,639.4334106445312
1996-08-04,635.82958984375
1996-08-05,632.1101074218751
1996-08-06,628.3747558593751
1996-08-07,624.7567749023438
1996-08-08,630.2709350585938
1996-08-09,626.7553100585938
1996-08-10,623.234375
1996-08-11,619.7128295898438
1996-08-12,635.5640258789064
1996-08-13,632.2261352539064
1996-08-14,629.0015869140624
1996-08-15,625.8958740234375
1996-08-16,622.7140502929689
1996-08-17,619.3596191406249
1996-08-18,615.936279296875
1996-08-19,612.529052734375
1996-08-20,609.2778930664062
1996-08-21,606.0372924804688
1996-08-22,602.9433593750001
1996-08-23,599.7230834960938
1996-08-24,596.4129028320312
1996-08-25,611.7137451171876
1996-08-26,619.2940063476561
1996-08-27,625.6730346679688
1996-08-28,627.2264404296876
1996-08-29,624.0924682617189
1996-08-30,620.90771484375
1996-08-31,618.7598876953125
1996-09-01,616.7813110351562
1996-09-02,617.2426147460938
1996-09-03,616.927001953125
1996-09-04,627.5486450195312
1996-09-05,624.3711547851562
1996-09-06,621.20556640625
1996-09-07,617.8648071289064
1996-09-08,614.6428833007812
1996-09-09,611.4322509765624
1996-09-10,614.2413940429689
1996-09-11,611.3283081054689
1996-09-12,613.0352172851562
1996-09-13,610.3214721679688
1996-09-14,608.225830078125
1996-09-15,606.0286865234376
1996-09-16,603.5082397460939
1996-09-17,618.838623046875
1996-09-18,616.3948364257812
1996-09-19,614.2532348632812
1996-09-20,612.1716308593751
1996-09-21,610.008544921875
1996-09-22,649.5672607421875
1996-09-23,647.0957641601562
1996-09-24,644.5079956054688
1996-09-25,641.8317260742188
1996-09-26,639.0762939453125
1996-09-27,636.2952270507812
1996-09-28,647.6047363281249
1996-09-29,657.9700317382811
1996-09-30,664.6776733398436
1996-10-01,671.1494750976562
1996-10-02,674.64453125
1996-10-03,672.2213134765624
1996-10-04,669.6606445312501
1996-10-05,667.9148559570314
1996-10-06,666.23291015625
1996-10-07,673.1738281249999
1996-10-08,691.8756103515625
1996-10-09,689.5695190429688
1996-10-10,687.7035522460939
1996-10-11,685.930419921875
1996-10-12,684.2760009765624
1996-10-13,682.6232910156249
1996-10-14,680.8322143554688
1996-10-15,678.8616943359375
1996-10-16,676.8499145507814
1996-10-17,674.6810913085938
1996-10-18,672.4454345703125
1996-10-19,671.011962890625
1996-10-20,669.7098999023438
1996-10-21,668.1741333007812
1996-10-22,666.3045043945314
1996-10-23,665.621337890625
1996-10-24,664.1578979492189
1996-10-25,662.5581054687499
1996-10-26,660.6751098632812
1996-10-27,658.3975219726562
1996-10-28,656.2510986328125
1996-10-29,653.8394775390626
1996-10-30,651.4232788085939
1996-10-31,649.5299072265625
1996-11-01,647.6260375976561
1996-11-02,654.1900024414064
1996-11-03,653.2324218750001
1996-11-04,652.2466430664062
1996-11-05,653.0079345703125
1996-11-06,651.405029296875
1996-11-07,650.2557373046875
1996-11-08,681.5216674804686
1996-11-09,680.3704223632812
1996-11-10,679.3596801757812
1996-11-11,678.426025390625
1996-11-12,677.5015869140624
1996-11-13,676.4945678710938
1996-11-14,675.2896118164062
1996-11-15,674.0244750976562
1996-11-16,673.0489501953125
1996-11-17,671.9183349609375
1996-11-18,670.658203125
1996-11-19,676.91552734375
1996-11-20,675.4415283203124
1996-11-21,673.8329467773438
1996-11-22,676.0560913085938
1996-11-23,675.00146484375
1996-11-24,673.8515014648438
1996-11-25,672.3900146484375
1996-11-26,677.5430297851562
1996-11-27,676.6448974609375
1996-11-28,675.7145996093749
1996-11-29,674.7981567382812
1996-11-30,673.7327270507812
1996-12-01,714.930419921875
1996-12-02,735.194580078125
1996-12-03,732.5225219726561
1996-12-04,730.0518188476561
1996-12-05,727.6828613281249
1996-12-06,725.5174560546875
1996-12-07,723.1151733398436
1996-12-08,721.1293334960938
1996-12-09,719.3960571289064
1996-12-10,717.6766967773438
1996-12-11,715.674560546875
1996-12-12,713.3136596679689
1996-12-13,733.3182373046875
1996-12-14,730.6744384765625
1996-12-15,728.2265014648436
1996-12-16,726.0250854492186
1996-12-17,730.2776489257811
1996-12-18,728.0403442382812
1996-12-19,732.5933837890625
1996-12-20,730.6714477539061
1996-12-21,728.8338012695311
1996-12-22,726.9459228515625
1996-12-23,724.8960571289062
1996-12-24,722.6373291015627
1996-12-25,722.8019409179686
1996-12-26,721.0965576171876
1996-12-27,729.3751220703125
1996-12-28,729.4564208984373
1996-12-29,726.6695556640626
1996-12-30,723.7913208007811
1996-12-31,721.200927734375
1997-01-01,718.5432739257812
1997-01-02,722.501953125
1997-01-03,719.8699340820312
1997-01-04,718.2322998046875
1997-01-05,731.2703247070311
1997-01-06,728.4119262695311
1997-01-07,733.441467285156
1997-01-08,742.2214965820312
1997-01-09,783.0775756835938
1997-01-10,765.1986694335938
1997-01-11,757.0369873046875
1997-01-12,751.4365234375
1997-01-13,746.9389038085939
1997-01-14,743.1462402343751
1997-01-15,739.7754516601561
1997-01-16,758.5800170898438
1997-01-17,752.6387939453125
1997-01-18,748.1422119140626
1997-01-19,744.3316650390625
1997-01-20,740.8078613281249
1997-01-21,737.4769287109375
1997-01-22,734.2391967773438
1997-01-23,735.6754760742188
1997-01-24,732.2973022460939
1997-01-25,737.6219482421875
1997-01-26,734.7124023437501
1997-01-27,732.0167846679686
1997-01-28,736.5192260742188
1997-01-29,733.4658813476561
1997-01-30,735.950439453125
1997-01-31,733.2630004882812
1997-02-01,730.5940551757811
1997-02-02,727.91162109375
1997-02-03,725.1649780273436
1997-02-04,722.3830566406249
1997-02-05,723.0542602539061
1997-02-06,721.009521484375
1997-02-07,719.06396484375
1997-02-08,739.5387573242188
1997-02-09,736.3731079101561
1997-02-10,734.957275390625
1997-02-11,732.4985961914061
1997-02-12,730.2294921875
1997-02-13,743.3530883789062
1997-02-14,758.0745239257811
1997-02-15,780.1035766601562
1997-02-16,763.4114990234374
1997-02-17,755.4094238281249
1997-02-18,749.5087890624999
1997-02-19,744.5283813476561
1997-02-20,739.9957885742188
1997-02-21,735.6496582031249
1997-02-22,761.7860107421875
1997-02-23,754.3027954101561
1997-02-24,748.8194580078125
1997-02-25,746.1837768554686
1997-02-26,743.1896362304686
1997-02-27,744.7329101562499
1997-02-28,758.9425048828124
1997-03-01,784.9302978515625
1997-03-02,762.1785278320312
1997-03-03,752.84130859375
1997-03-04,746.5731811523436
1997-03-05,741.3761596679686
1997-03-06,737.1577148437502
1997-03-07,733.9428100585938
1997-03-08,730.7710571289062
1997-03-09,727.5341186523438
1997-03-10,724.1354370117186
1997-03-11,720.6651000976562
1997-03-12,717.7602539062499
1997-03-13,714.9575195312501
1997-03-14,727.2337036132812
1997-03-15,724.4600219726561
1997-03-16,722.2310791015627
1997-03-17,720.0209350585938
1997-03-18,717.4349975585938
1997-03-19,714.4229125976561
1997-03-20,713.2769165039062
1997-03-21,710.8551025390625
1997-03-22,708.2027587890625
1997-03-23,705.7933959960936
1997-03-24,703.6541748046875
1997-03-25,701.2846069335938
1997-03-26,706.236572265625
1997-03-27,704.0693359375001
1997-03-28,701.7125244140625
1997-03-29,699.0733642578125
1997-03-30,696.3358764648438
1997-03-31,696.6753540039064
1997-04-01,694.9180908203125
1997-04-02,693.1176147460938
1997-04-03,691.230224609375
1997-04-04,689.0205688476561
1997-04-05,686.4991455078125
1997-04-06,684.1343994140625
1997-04-07,681.5888061523438
1997-04-08,679.8164672851562
1997-04-09,677.8643798828124
1997-04-10,676.1456298828124
1997-04-11,674.41455078125
1997-04-12,677.76708984375
1997-04-13,675.5682983398436
1997-04-14,674.0163574218751
1997-04-15,672.4872436523439
1997-04-16,670.6161499023438
1997-04-17,668.652587890625
1997-04-18,667.1278686523439
1997-04-19,665.4710083007814
1997-04-20,663.5375366210938
1997-04-21,661.2838134765624
1997-04-22,665.7393798828124
1997-04-23,682.6023559570314
1997-04-24,680.7622680664062
1997-04-25,678.8098754882814
1997-04-26,676.8204345703125
1997-04-27,692.0512695312501
1997-04-28,738.3699951171876
1997-04-29,735.8204956054686
1997-04-30,731.6687622070312
1997-05-01,727.4346923828124
1997-05-02,723.8211669921875
1997-05-03,741.2664794921875
1997-05-04,736.6318969726561
1997-05-05,732.8015136718751
1997-05-06,728.9500122070312
1997-05-07,725.0927734375
1997-05-08,721.2466430664062
1997-05-09,717.2091064453125
1997-05-10,713.98291015625
1997-05-11,711.3260498046875
1997-05-12,708.5596313476561
1997-05-13,705.6118774414064
1997-05-14,702.8479614257812
1997-05-15,699.6177978515625
1997-05-16,696.794677734375
1997-05-17,694.1836547851562
1997-05-18,691.2110595703124
1997-05-19,687.7035522460939
1997-05-20,687.49267578125
1997-05-21,686.0788574218751
1997-05-22,683.1759643554688
1997-05-23,680.2106933593751
1997-05-24,677.1155395507814
1997-05-25,685.3473510742188
1997-05-26,681.691162109375
1997-05-27,681.9412841796875
1997-05-28,682.7178344726562
1997-05-29,682.9696044921875
1997-05-30,688.4693603515625
1997-05-31,685.279296875
1997-06-01,692.3536987304689
1997-06-02,696.756103515625
1997-06-03,698.4932861328126
1997-06-04,695.3245239257812
1997-06-05,692.5107421875
1997-06-06,689.8334960937501
1997-06-07,687.2254638671874
1997-06-08,685.1517944335938
1997-06-09,682.3394165039062
1997-06-10,679.2722778320312
1997-06-11,675.99658203125
1997-06-12,677.8281860351561
1997-06-13,674.0067749023438
1997-06-14,669.9014892578125
1997-06-15,687.2051391601562
1997-06-16,683.50537109375
1997-06-17,693.502197265625
1997-06-18,705.0673828125
1997-06-19,700.8186645507814
1997-06-20,696.4243774414064
1997-06-21,692.0913696289064
1997-06-22,688.1149902343751
1997-06-23,688.2754516601564
1997-06-24,683.9524536132812
1997-06-25,680.0736083984375
1997-06-26,678.7723999023438
1997-06-27,674.5830688476561
1997-06-28,670.5679321289064
1997-06-29,666.6488647460938
1997-06-30,662.8018188476561
1997-07-01,667.4755249023438
1997-07-02,663.2474975585938
1997-07-03,658.5672607421875
1997-07-04,653.8967895507814
1997-07-05,649.5094604492188
1997-07-06,645.6245727539062
1997-07-07,643.7810058593751
1997-07-08,640.9091796875
1997-07-09,637.045166015625
1997-07-10,633.0869140624999
1997-07-11,629.3844604492188
1997-07-12,625.7501220703125
1997-07-13,621.9616088867189
1997-07-14,618.0449218750001
1997-07-15,613.9401245117189
1997-07-16,610.0112304687499
1997-07-17,641.3850097656249
1997-07-18,637.59765625
1997-07-19,633.5941772460939
1997-07-20,629.5361328125
1997-07-21,625.4230346679688
1997-07-22,629.6043090820312
1997-07-23,636.6943969726562
1997-07-24,659.5410156249999
1997-07-25,661.5370483398436
1997-07-26,657.2261352539064
1997-07-27,652.8881225585939
1997-07-28,658.6968994140625
1997-07-29,656.4702758789064
1997-07-30,652.2287597656249
1997-07-31,671.7615966796876
1997-08-01,686.302001953125
1997-08-02,682.9575195312501
1997-08-03,679.1517944335938
1997-08-04,675.0348510742188
1997-08-05,670.9702758789064
1997-08-06,667.247314453125
1997-08-07,663.6843872070312
1997-08-08,660.4151611328125
1997-08-09,657.207275390625
1997-08-10,654.1551513671875
1997-08-11,670.6710205078125
1997-08-12,666.9771118164062
1997-08-13,663.0864868164064
1997-08-14,659.0727539062499
1997-08-15,655.0574951171876
1997-08-16,650.9381103515625
1997-08-17,646.7274169921875
1997-08-18,642.5871582031249
1997-08-19,642.3431396484375
1997-08-20,638.4673461914062
1997-08-21,640.3276977539062
1997-08-22,637.4611206054688
1997-08-23,634.6431274414064
1997-08-24,631.9021606445312
1997-08-25,629.0560302734376
1997-08-26,626.1359863281249
1997-08-27,622.9808349609375
1997-08-28,619.5910034179688
1997-08-29,616.066162109375
1997-08-30,612.541748046875
1997-08-31,609.1437377929688
1997-09-01,605.7481079101562
1997-09-02,602.3887329101562
1997-09-03,599.0422363281249
1997-09-04,598.4551391601562
1997-09-05,596.201416015625
1997-09-06,593.9845581054689
1997-09-07,591.5667114257812
1997-09-08,588.9326171875
1997-09-09,586.1140747070312
1997-09-10,586.7954711914064
1997-09-11,586.2304077148438
1997-09-12,583.6376342773438
1997-09-13,580.8749389648438
1997-09-14,578.1337890624999
1997-09-15,575.3886108398438
1997-09-16,572.6849975585938
1997-09-17,569.9342041015625
1997-09-18,567.0328979492189
1997-09-19,564.279296875
1997-09-20,561.349853515625
1997-09-21,558.3209838867188
1997-09-22,555.6302490234375
1997-09-23,553.5515136718751
1997-09-24,551.149169921875
1997-09-25,621.6350097656249
1997-09-26,674.4008178710938
1997-09-27,685.6058349609375
1997-09-28,699.1033935546875
1997-09-29,698.8585205078125
1997-09-30,696.1226196289064
1997-10-01,693.333251953125
1997-10-02,690.8948974609375
1997-10-03,688.7511596679689
1997-10-04,686.4979858398438
1997-10-05,684.085205078125
1997-10-06,681.365966796875
1997-10-07,678.5822143554688
1997-10-08,675.8841552734376
1997-10-09,673.1920166015625
1997-10-10,670.5547485351562
1997-10-11,667.928955078125
1997-10-12,665.3884887695312
1997-10-13,662.8227539062499
1997-10-14,660.2651367187499
1997-10-15,658.2705078125
1997-10-16,660.8830566406249
1997-10-17,664.5592041015625
1997-10-18,664.5272216796876
1997-10-19,666.663818359375
1997-10-20,665.0272216796876
1997-10-21,663.3740844726562
1997-10-22,668.6206665039062
1997-10-23,667.3291015625
1997-10-24,671.9031372070312
1997-10-25,684.005126953125
1997-10-26,746.497802734375
1997-10-27,767.3663330078125
1997-10-28,757.9072265625
1997-10-29,751.3711547851561
1997-10-30,746.1373291015627
1997-10-31,741.7066650390625
1997-11-01,750.9054565429686
1997-11-02,763.0835571289062
1997-11-03,754.855712890625
1997-11-04,749.1314086914062
1997-11-05,744.5886840820312
1997-11-06,740.7088012695311
1997-11-07,743.7044677734374
1997-11-08,739.9118652343751
1997-11-09,736.5996704101561
1997-11-10,733.543701171875
1997-11-11,730.7294311523436
1997-11-12,728.1925659179686
1997-11-13,751.441467285156
1997-11-14,775.8018798828124
1997-11-15,762.0011596679686
1997-11-16,754.7691040039064
1997-11-17,749.5685424804686
1997-11-18,745.3298950195312
1997-11-19,741.5359497070311
1997-11-20,738.1486206054686
1997-11-21,738.6156616210938
1997-11-22,748.80078125
1997-11-23,744.0159912109375
1997-11-24,740.2734985351562
1997-11-25,737.149169921875
1997-11-26,734.2764282226561
1997-11-27,731.4486083984374
1997-11-28,728.7550659179686
1997-11-29,726.0825195312499
1997-11-30,748.2605590820312
1997-12-01,743.5064697265625
1997-12-02,739.7213134765625
1997-12-03,736.3223876953125
1997-12-04,741.1644897460939
1997-12-05,737.8004150390625
1997-12-06,735.1502075195312
1997-12-07,732.7835693359374
1997-12-08,730.59814453125
1997-12-09,745.3068237304686
1997-12-10,747.3181152343751
1997-12-11,743.0166015625
1997-12-12,743.010498046875
1997-12-13,740.2113037109375
1997-12-14,745.5136718750001
1997-12-15,745.1509399414062
1997-12-16,741.4657592773438
1997-12-17,738.1519775390626
1997-12-18,735.1223754882814
1997-12-19,732.3624267578124
1997-12-20,729.7214965820312
1997-12-21,727.1762084960938
1997-12-22,747.4226684570311
1997-12-23,743.2404174804686
1997-12-24,811.8951416015626
1997-12-25,794.8832397460939
1997-12-26,762.0032348632812
1997-12-27,763.5355224609374
1997-12-28,755.9367065429686
1997-12-29,750.6443481445312
1997-12-30,746.2644653320312
1997-12-31,742.5645751953125
1998-01-01,739.5012817382811
1998-01-02,736.6752319335938
1998-01-03,733.8521728515625
1998-01-04,730.9618530273435
1998-01-05,728.0615234375
1998-01-06,725.0344848632812
1998-01-07,736.1250610351562
1998-01-08,778.1643066406249
1998-01-09,762.4960327148436
1998-01-10,754.9575195312499
1998-01-11,749.3726196289062
1998-01-12,744.7946166992188
1998-01-13,747.4979858398438
1998-01-14,754.4746704101561
1998-01-15,770.8912963867188
1998-01-16,773.7263793945312
1998-01-17,761.3280639648436
1998-01-18,754.2003784179686
1998-01-19,767.7758178710938
1998-01-20,758.4115600585938
1998-01-21,752.1528930664062
1998-01-22,751.654052734375
1998-01-23,758.3782958984374
1998-01-24,751.9412231445311
1998-01-25,747.2011718750001
1998-01-26,743.2517089843751
1998-01-27,771.3631591796875
1998-01-28,760.1316528320312
1998-01-29,753.1683959960936
1998-01-30,747.86181640625
1998-01-31,743.6628417968751
1998-02-01,740.14794921875
1998-02-02,736.9533691406249
1998-02-03,778.6596679687501
1998-02-04,819.5908813476561
1998-02-05,762.3768920898438
1998-02-06,755.0287475585938
1998-02-07,749.5014648437502
1998-02-08,745.0069580078125
1998-02-09,741.2038574218751
1998-02-10,737.8111572265626
1998-02-11,734.5610961914061
1998-02-12,731.5686645507811
1998-02-13,729.0336303710938
1998-02-14,726.6941528320312
1998-02-15,724.5671997070311
1998-02-16,741.0839843750001
1998-02-17,756.1730346679686
1998-02-18,753.5066528320312
1998-02-19,748.1035766601562
1998-02-20,743.4758911132814
1998-02-21,739.6296386718751
1998-02-22,736.2740478515625
1998-02-23,750.7752685546875
1998-02-24,745.7847900390625
1998-02-25,741.3267211914061
1998-02-26,737.2388916015626
1998-02-27,746.9805297851561
1998-02-28,742.0054321289062
1998-03-01,737.8082275390626
1998-03-02,734.5985717773436
1998-03-03,731.9200439453125
1998-03-04,729.4803466796876
1998-03-05,740.0214843750001
1998-03-06,765.2838134765625
1998-03-07,775.7922363281249
1998-03-08,817.2830200195312
1998-03-09,804.5191650390625
1998-03-10,762.1488647460938
1998-03-11,754.9053955078125
1998-03-12,749.5875854492186
1998-03-13,745.361633300781
1998-03-14,741.4401245117186
1998-03-15,737.5671386718751
1998-03-16,733.8985595703124
1998-03-17,730.669189453125
1998-03-18,728.132568359375
1998-03-19,733.4234008789062
1998-03-20,729.9404296875
1998-03-21,727.095703125
1998-03-22,724.673095703125
1998-03-23,722.3662109375001
1998-03-24,720.678466796875
1998-03-25,719.7857666015625
1998-03-26,716.95068359375
1998-03-27,714.0029907226562
1998-03-28,711.0112304687499
1998-03-29,707.9620361328126
1998-03-30,704.8300170898438
1998-03-31,701.6182861328126
1998-04-01,703.5284423828124
1998-04-02,701.2235107421875
1998-04-03,726.0126953124999
1998-04-04,762.5238037109375
1998-04-05,754.3632202148436
1998-04-06,748.1993408203125
1998-04-07,742.775146484375
1998-04-08,737.724853515625
1998-04-09,753.7462768554686
1998-04-10,747.3727416992186
1998-04-11,742.6930541992186
1998-04-12,738.409912109375
1998-04-13,734.4742431640626
1998-04-14,745.9339599609375
1998-04-15,769.4811401367188
1998-04-16,757.3910522460939
1998-04-17,754.8195190429685
1998-04-18,754.6097412109375
1998-04-19,759.5331420898438
1998-04-20,763.6015014648436
1998-04-21,754.9003295898438
1998-04-22,765.072021484375
1998-04-23,759.8720092773438
1998-04-24,755.9125366210938
1998-04-25,749.0153198242188
1998-04-26,743.3345336914062
1998-04-27,738.2890625
1998-04-28,733.76171875
1998-04-29,730.05419921875
1998-04-30,750.9822998046875
1998-05-01,758.0418701171876
1998-05-02,750.1981201171876
1998-05-03,743.9390258789062
1998-05-04,753.3294067382812
1998-05-05,746.5944213867188
1998-05-06,740.7933959960936
1998-05-07,737.7156982421875
1998-05-08,748.0111694335938
1998-05-09,741.6019897460939
1998-05-10,738.8059692382812
1998-05-11,733.5866088867186
1998-05-12,729.0454101562499
1998-05-13,724.7001953124999
1998-05-14,720.2052001953125
1998-05-15,715.5179443359375
1998-05-16,710.9446411132814
1998-05-17,706.526123046875
1998-05-18,702.1348876953125
1998-05-19,698.1060180664062
1998-05-20,694.0463256835938
1998-05-21,689.96142578125
1998-05-22,685.7338867187499
1998-05-23,681.5993652343751
1998-05-24,677.4844360351561
1998-05-25,673.3391113281249
1998-05-26,669.2791748046875
1998-05-27,665.1637573242188
1998-05-28,661.0938110351562
1998-05-29,656.971435546875
1998-05-30,653.9916381835938
1998-05-31,650.4230346679688
1998-06-01,646.3358154296875
1998-06-02,641.9738159179688
1998-06-03,637.6199951171876
1998-06-04,633.3117675781249
1998-06-05,641.2758178710938
1998-06-06,647.6116333007812
1998-06-07,644.7810058593751
1998-06-08,642.2301025390625
1998-06-09,639.4209594726562
1998-06-10,635.8946533203124
1998-06-11,631.89990234375
1998-06-12,627.9201049804688
1998-06-13,623.7736206054688
1998-06-14,619.6537475585938
1998-06-15,615.2155761718751
1998-06-16,616.3995361328126
1998-06-17,620.4850463867189
1998-06-18,616.5355834960938
1998-06-19,612.482177734375
1998-06-20,624.9288330078125
1998-06-21,621.08642578125
1998-06-22,616.9635620117188
1998-06-23,612.7883911132814
1998-06-24,608.4920654296875
1998-06-25,604.1691284179688
1998-06-26,599.9679565429689
1998-06-27,595.6552124023439
1998-06-28,591.3399047851562
1998-06-29,587.00341796875
1998-06-30,582.6790771484375
1998-07-01,579.37890625
1998-07-02,575.6205444335938
1998-07-03,571.9591064453125
1998-07-04,570.923583984375
1998-07-05,567.0070190429688
1998-07-06,563.1682739257812
1998-07-07,559.4600219726562
1998-07-08,555.5374145507814
1998-07-09,554.436279296875
1998-07-10,550.3890380859376
1998-07-11,546.5382080078125
1998-07-12,585.3759155273438
1998-07-13,597.1089477539062
1998-07-14,593.4137573242188
1998-07-15,589.74072265625
1998-07-16,585.8553466796876
1998-07-17,584.3047485351562
1998-07-18,580.5006713867189
1998-07-19,576.5765991210938
1998-07-20,580.7264404296876
1998-07-21,591.8602905273438
1998-07-22,587.9038696289064
1998-07-23,587.6694946289064
1998-07-24,583.7799072265625
1998-07-25,581.0454711914064
1998-07-26,577.3302001953125
1998-07-27,573.7374877929688
1998-07-28,577.6550903320311
1998-07-29,575.1187133789064
1998-07-30,572.3963623046875
1998-07-31,568.80419921875
1998-08-01,565.3551025390625
1998-08-02,562.3078002929689
1998-08-03,559.6450805664064
1998-08-04,556.780029296875
1998-08-05,553.7314453124999
1998-08-06,550.6670532226562
1998-08-07,547.5570678710938
1998-08-08,559.3988647460938
1998-08-09,571.490966796875
1998-08-10,571.9866333007812
1998-08-11,568.6354370117188
1998-08-12,565.16162109375
1998-08-13,561.7337036132812
1998-08-14,566.2026977539062
1998-08-15,574.3074951171875
1998-08-16,571.0468139648439
1998-08-17,572.3275756835938
1998-08-18,569.063720703125
1998-08-19,574.2013549804689
1998-08-20,575.4415283203124
1998-08-21,572.8225097656249
1998-08-22,570.1358642578125
1998-08-23,567.3687744140625
1998-08-24,564.453125
1998-08-25,561.3147583007814
1998-08-26,557.9990234375
1998-08-27,554.5203247070312
1998-08-28,551.2067260742188
1998-08-29,547.9112548828125
1998-08-30,544.4469604492188
1998-08-31,541.0565185546875
1998-09-01,537.7953491210938
1998-09-02,535.0108642578125
1998-09-03,568.1215209960938
1998-09-04,605.2618408203125
1998-09-05,602.091064453125
1998-09-06,598.8474731445314
1998-09-07,595.542724609375
1998-09-08,592.2078247070312
1998-09-09,589.7492675781249
1998-09-10,587.7066040039064
1998-09-11,585.5934448242188
1998-09-12,583.2651367187499
1998-09-13,580.7461547851562
1998-09-14,578.13916015625
1998-09-15,575.4977416992189
1998-09-16,572.8096313476562
1998-09-17,570.0791015625
1998-09-18,567.3807983398438
1998-09-19,567.5806274414064
1998-09-20,564.8684692382814
1998-09-21,578.8156127929688
1998-09-22,590.4430541992188
1998-09-23,587.4384765625
1998-09-24,584.9322509765624
1998-09-25,582.6857299804688
1998-09-26,580.2992553710939
1998-09-27,577.6931762695312
1998-09-28,574.9171752929689
1998-09-29,579.1539916992189
1998-09-30,598.69677734375
1998-10-01,598.9715576171876
1998-10-02,596.55859375
1998-10-03,594.3852539062499
1998-10-04,591.908203125
1998-10-05,589.2994995117189
1998-10-06,586.8420410156249
1998-10-07,590.3599853515625
1998-10-08,606.2713623046875
1998-10-09,604.5364379882814
1998-10-10,602.8547973632812
1998-10-11,601.1024780273438
1998-10-12,599.2952880859376
1998-10-13,597.4050903320311
1998-10-14,595.5697631835936
1998-10-15,593.8878173828125
1998-10-16,592.1721801757812
1998-10-17,590.4641723632812
1998-10-18,588.7086791992188
1998-10-19,586.795166015625
1998-10-20,584.6702880859376
1998-10-21,582.8347778320312
1998-10-22,581.3795776367188
1998-10-23,580.35107421875
1998-10-24,579.2993774414064
1998-10-25,578.081298828125
1998-10-26,576.6478271484375
1998-10-27,575.1085815429689
1998-10-28,573.5267333984375
1998-10-29,571.8797607421875
1998-10-30,570.1134033203124
1998-10-31,568.3005981445312
1998-11-01,566.5931396484375
1998-11-02,564.9380493164064
1998-11-03,566.1992797851562
1998-11-04,564.7169189453126
1998-11-05,563.5173950195312
1998-11-06,562.614501953125
1998-11-07,561.7822875976562
1998-11-08,561.5516967773438
1998-11-09,564.1821899414064
1998-11-10,565.7020263671876
1998-11-11,574.4379272460938
1998-11-12,573.36376953125
1998-11-13,572.2230224609375
1998-11-14,575.34375
1998-11-15,583.8890991210938
1998-11-16,586.6209716796876
1998-11-17,591.3206787109375
1998-11-18,589.9998779296875
1998-11-19,588.6897583007814
1998-11-20,588.7710571289064
1998-11-21,587.5996704101562
1998-11-22,586.6597900390625
1998-11-23,585.5576782226564
1998-11-24,584.1873779296875
1998-11-25,582.7191162109375
1998-11-26,581.3905639648439
1998-11-27,580.1986083984375
1998-11-28,579.0378417968751
1998-11-29,577.8693847656249
1998-11-30,576.5977783203124
1998-12-01,575.2284545898438
1998-12-02,573.8922119140624
1998-12-03,572.5396118164064
1998-12-04,571.189453125
1998-12-05,569.739501953125
1998-12-06,568.2284545898438
1998-12-07,566.6709594726562
1998-12-08,565.0476684570312
1998-12-09,568.73828125
1998-12-10,567.7412719726562
1998-12-11,566.8160400390624
1998-12-12,565.8767089843751
1998-12-13,576.7330322265625
1998-12-14,579.9354858398438
1998-12-15,579.2135009765624
1998-12-16,579.49169921875
1998-12-17,578.6262817382811
1998-12-18,577.983154296875
1998-12-19,577.2464599609375
1998-12-20,576.2435913085938
1998-12-21,574.9580078125
1998-12-22,575.6994628906249
1998-12-23,577.9234008789064
1998-12-24,586.4630126953125
1998-12-25,598.8182983398436
1998-12-26,600.3529663085938
1998-12-27,599.7167358398438
1998-12-28,599.1555175781249
1998-12-29,599.3214721679688
1998-12-30,598.6065673828125
1998-12-31,597.9053955078125
1999-01-01,597.1639404296876
1999-01-02,599.1134643554688
1999-01-03,633.7603759765625
1999-01-04,633.2554321289064
1999-01-05,632.8504638671874
1999-01-06,632.3974609375001
1999-01-07,631.6799926757812
1999-01-08,632.235595703125
1999-01-09,635.1895141601562
1999-01-10,634.5265502929689
1999-01-11,633.8334960937501
1999-01-12,633.0100708007814
1999-01-13,632.0213012695312
1999-01-14,630.8126831054689
1999-01-15,635.3086547851562
1999-01-16,634.4260864257812
1999-01-17,633.4512939453125
1999-01-18,636.1769409179688
1999-01-19,635.05908203125
1999-01-20,633.9227294921875
1999-01-21,632.5525512695312
1999-01-22,630.9075927734375
1999-01-23,659.6510620117188
1999-01-24,678.2001953124999
1999-01-25,676.920654296875
1999-01-26,675.550048828125
1999-01-27,674.1137084960938
1999-01-28,672.4907836914064
1999-01-29,670.809814453125
1999-01-30,684.5551147460938
1999-01-31,714.7716674804686
1999-02-01,744.3912353515625
1999-02-02,747.6975097656249
1999-02-03,743.3555297851561
1999-02-04,745.8941040039064
1999-02-05,741.7169189453126
1999-02-06,738.0346679687501
1999-02-07,734.4464111328125
1999-02-08,731.0031738281249
1999-02-09,727.8687133789062
1999-02-10,737.9741821289062
1999-02-11,733.9335327148436
1999-02-12,730.45703125
1999-02-13,728.0372924804686
1999-02-14,726.0907592773438
1999-02-15,724.1180419921875
1999-02-16,722.0405273437501
1999-02-17,719.7854003906251
1999-02-18,735.2406005859374
1999-02-19,732.1979370117186
1999-02-20,733.6460571289062
1999-02-21,730.9878540039064
1999-02-22,728.7844848632812
1999-02-23,726.7551879882814
1999-02-24,724.7588500976562
1999-02-25,722.8015747070311
1999-02-26,720.6102905273436
1999-02-27,718.277587890625
1999-02-28,722.5565795898438
1999-03-01,720.2373657226562
1999-03-02,718.0604858398438
1999-03-03,722.2769165039062
1999-03-04,720.9302978515625
1999-03-05,719.0704956054688
1999-03-06,717.0336303710938
1999-03-07,719.701904296875
1999-03-08,717.8053588867189
1999-03-09,725.1751708984373
1999-03-10,726.7070922851561
1999-03-11,724.5410156249999
1999-03-12,722.4165649414062
1999-03-13,721.2122802734375
1999-03-14,750.2686767578124
1999-03-15,746.5707397460939
1999-03-16,742.3083496093749
1999-03-17,738.2981567382812
1999-03-18,734.3728637695311
1999-03-19,730.834228515625
1999-03-20,727.5845947265626
1999-03-21,727.6796875
1999-03-22,725.11767578125
1999-03-23,722.6206665039062
1999-03-24,719.9020385742188
1999-03-25,724.1423950195312
1999-03-26,730.4423217773436
1999-03-27,727.7798461914061
1999-03-28,725.1798095703124
1999-03-29,722.4451904296876
1999-03-30,719.7398071289064
1999-03-31,721.0584716796876
1999-04-01,737.6790161132812
1999-04-02,733.1925048828124
1999-04-03,728.8016967773438
1999-04-04,724.4378662109375
1999-04-05,720.5687866210938
1999-04-06,716.772216796875
1999-04-07,713.7575073242188
1999-04-08,710.1818237304689
1999-04-09,706.3563842773438
1999-04-10,702.7058715820312
1999-04-11,699.09033203125
1999-04-12,695.9016113281249
1999-04-13,693.6368408203125
1999-04-14,691.3848876953125
1999-04-15,693.8754272460939
1999-04-16,702.1114501953125
1999-04-17,699.9744873046875
1999-04-18,698.1388549804688
1999-04-19,696.2677612304689
1999-04-20,694.40771484375
1999-04-21,691.70947265625
1999-04-22,688.8289794921875
1999-04-23,685.88818359375
1999-04-24,682.6708374023439
1999-04-25,679.216064453125
1999-04-26,676.8092041015625
1999-04-27,674.0065307617188
1999-04-28,677.7568359375001
1999-04-29,678.6519775390626
1999-04-30,683.2531127929688
1999-05-01,686.9768066406249
1999-05-02,684.8521728515625
1999-05-03,682.5182495117189
1999-05-04,679.9989624023439
1999-05-05,678.4668579101562
1999-05-06,682.8334960937501
1999-05-07,699.5848388671875
1999-05-08,697.9332275390626
1999-05-09,694.90380859375
1999-05-10,691.657470703125
1999-05-11,688.361572265625
1999-05-12,685.2609252929689
1999-05-13,682.123046875
1999-05-14,688.4796142578125
1999-05-15,685.5591430664062
1999-05-16,682.91845703125
1999-05-17,679.9985961914062
1999-05-18,676.9235229492189
1999-05-19,676.8104248046875
1999-05-20,673.8213500976562
1999-05-21,670.7699584960938
1999-05-22,667.4985961914062
1999-05-23,664.0543212890625
1999-05-24,665.08740234375
1999-05-25,662.1206054687499
1999-05-26,658.9867553710939
1999-05-27,655.8479614257812
1999-05-28,652.9148559570314
1999-05-29,649.8356323242188
1999-05-30,647.3517456054688
1999-05-31,644.1618041992188
1999-06-01,640.9398803710938
1999-06-02,637.6027221679688
1999-06-03,638.2171630859376
1999-06-04,634.5029907226562
1999-06-05,630.7628173828125
1999-06-06,627.28271484375
1999-06-07,623.7810668945314
1999-06-08,620.0765991210938
1999-06-09,616.2532958984375
1999-06-10,612.4744873046875
1999-06-11,637.9490966796876
1999-06-12,654.4209594726562
1999-06-13,650.9032592773438
1999-06-14,647.2657470703125
1999-06-15,649.6949462890625
1999-06-16,645.9014892578125
1999-06-17,671.6251220703125
1999-06-18,668.15673828125
1999-06-19,664.997802734375
1999-06-20,661.9842529296875
1999-06-21,658.9209594726562
1999-06-22,655.6060791015625
1999-06-23,652.3590087890625
1999-06-24,652.2254028320312
1999-06-25,663.4498291015625
1999-06-26,665.3722534179688
1999-06-27,672.1107788085939
1999-06-28,673.1359252929689
1999-06-29,685.67822265625
1999-06-30,699.472412109375
1999-07-01,701.7442626953125
1999-07-02,697.2702636718751
1999-07-03,692.9966430664062
1999-07-04,688.6907348632812
1999-07-05,684.2919921875
1999-07-06,679.6216430664062
1999-07-07,680.7577514648438
1999-07-08,676.6143798828124
1999-07-09,672.3661499023438
1999-07-10,668.0732421875
1999-07-11,667.1912841796875
1999-07-12,678.0598754882814
1999-07-13,683.7795410156249
1999-07-14,680.6425781249999
1999-07-15,677.1172485351562
1999-07-16,673.296875
1999-07-17,669.3591918945312
1999-07-18,665.6149291992188
1999-07-19,661.63818359375
1999-07-20,678.0352172851562
1999-07-21,673.5663452148438
1999-07-22,669.0359497070314
1999-07-23,664.4667358398438
1999-07-24,659.8057250976562
1999-07-25,668.5106811523439
1999-07-26,664.0481567382812
1999-07-27,659.4924926757812
1999-07-28,654.8713989257812
1999-07-29,650.4551391601562
1999-07-30,645.9674682617189
1999-07-31,641.3004760742188
1999-08-01,636.64990234375
1999-08-02,631.9407348632812
1999-08-03,627.5250854492189
1999-08-04,623.8140258789064
1999-08-05,620.0267333984375
1999-08-06,616.1400146484375
1999-08-07,612.1892089843751
1999-08-08,608.1256713867189
1999-08-09,613.9529418945312
1999-08-10,610.0261840820312
1999-08-11,606.0106201171876
1999-08-12,601.8364868164064
1999-08-13,597.6064453124999
1999-08-14,593.5895385742188
1999-08-15,589.7626342773438
1999-08-16,586.1181640624999
1999-08-17,582.2905883789064
1999-08-18,578.4369506835938
1999-08-19,574.5257568359375
1999-08-20,570.6997680664062
1999-08-21,587.7464599609375
1999-08-22,584.4046630859376
1999-08-23,581.1484375
1999-08-24,584.8084716796876
1999-08-25,598.6461181640624
1999-08-26,595.4227905273438
1999-08-27,592.16015625
1999-08-28,588.9210815429689
1999-08-29,585.7060546875001
1999-08-30,582.4998168945314
1999-08-31,579.7179565429689
1999-09-01,577.2679443359375
1999-09-02,574.6898803710938
1999-09-03,571.8408813476562
1999-09-04,568.873046875
1999-09-05,565.7684326171875
1999-09-06,562.48828125
1999-09-07,559.1582641601562
1999-09-08,556.085205078125
1999-09-09,553.0007934570312
1999-09-10,563.3241577148438
1999-09-11,560.8457641601562
1999-09-12,558.373779296875
1999-09-13,556.0271606445312
1999-09-14,553.7213134765625
1999-09-15,551.22265625
1999-09-16,548.9367675781249
1999-09-17,546.9075927734375
1999-09-18,544.8912963867189
1999-09-19,542.8096313476562
1999-09-20,543.8809814453125
1999-09-21,551.5275878906249
1999-09-22,555.8605346679688
1999-09-23,554.2813720703125
1999-09-24,552.6497192382814
1999-09-25,550.9033203125
1999-09-26,549.0025634765625
1999-09-27,560.7774658203125
1999-09-28,572.1461181640624
1999-09-29,578.4298095703124
1999-09-30,581.6554565429689
1999-10-01,580.0511474609375
1999-10-02,578.3883666992189
1999-10-03,576.5569458007814
1999-10-04,574.216064453125
1999-10-05,590.1222534179688
1999-10-06,588.2549438476562
1999-10-07,586.5856323242188
1999-10-08,584.7742919921875
1999-10-09,582.7139282226564
1999-10-10,587.9924926757812
1999-10-11,598.4058837890625
1999-10-12,596.1785888671875
1999-10-13,605.2489013671875
1999-10-14,603.4564208984375
1999-10-15,601.3538818359376
1999-10-16,599.3339233398436
1999-10-17,597.2006225585939
1999-10-18,595.0819091796875
1999-10-19,593.2768554687499
1999-10-20,592.30078125
1999-10-21,598.5004272460939
1999-10-22,597.2391357421875
1999-10-23,595.8951416015625
1999-10-24,594.8380737304689
1999-10-25,593.8720092773438
1999-10-26,592.8123168945314
1999-10-27,591.5845947265624
1999-10-28,590.1351928710938
1999-10-29,588.7129516601564
1999-10-30,587.255126953125
1999-10-31,585.6170654296875
1999-11-01,583.7947387695312
1999-11-02,604.62255859375
1999-11-03,603.7024536132812
1999-11-04,602.8646850585938
1999-11-05,601.8666381835938
1999-11-06,600.7353515625
1999-11-07,599.3976440429689
1999-11-08,597.888427734375
1999-11-09,596.3236083984375
1999-11-10,594.7625732421876
1999-11-11,593.2024536132812
1999-11-12,591.7208251953125
1999-11-13,590.5870361328126
1999-11-14,589.1996459960936
1999-11-15,587.7230224609374
1999-11-16,586.6617431640625
1999-11-17,585.75244140625
1999-11-18,584.9102783203124
1999-11-19,583.9734497070314
1999-11-20,582.7955932617188
1999-11-21,602.9168701171876
1999-11-22,601.4127197265624
1999-11-23,600.0194702148438
1999-11-24,598.4545288085939
1999-11-25,605.9628906249999
1999-11-26,625.8186645507814
1999-11-27,629.9359741210938
1999-11-28,628.7274780273438
1999-11-29,627.4265136718751
1999-11-30,626.4674072265625
1999-12-01,625.7910766601564
1999-12-02,625.1135864257812
1999-12-03,624.2288208007814
1999-12-04,623.2059326171875
1999-12-05,622.0485229492189
1999-12-06,625.6279296875
1999-12-07,624.8671875
1999-12-08,624.0791015625
1999-12-09,623.2075195312501
1999-12-10,622.0382080078125
1999-12-11,621.0686645507814
1999-12-12,620.0170288085939
1999-12-13,626.8646240234375
1999-12-14,645.7852172851562
1999-12-15,644.8485107421875
1999-12-16,643.861572265625
1999-12-17,643.0962524414064
1999-12-18,642.2662353515625
1999-12-19,645.9051513671875
1999-12-20,650.2357177734375
1999-12-21,653.3642578125
1999-12-22,671.56201171875
1999-12-23,670.6604003906251
1999-12-24,669.7933349609375
1999-12-25,669.0169677734375
1999-12-26,668.3286132812501
1999-12-27,667.4829711914064
1999-12-28,666.6887817382811
1999-12-29,665.8766479492189
1999-12-30,664.9681396484375
1999-12-31,663.9255981445314
2000-01-01,662.6156616210938
2000-01-02,661.16162109375
2000-01-03,659.5564575195312
2000-01-04,657.8699951171876
2000-01-05,661.2528686523439
2000-01-06,660.4691772460939
2000-01-07,659.5736083984375
2000-01-08,658.5692749023438
2000-01-09,657.6209106445312
2000-01-10,706.4609985351562
2000-01-11,704.7581176757812
2000-01-12,703.1143798828124
2000-01-13,701.37158203125
2000-01-14,699.8825073242188
2000-01-15,698.8463745117189
2000-01-16,697.6849975585938
2000-01-17,697.3269653320312
2000-01-18,696.8470458984375
2000-01-19,697.6794433593751
2000-01-20,704.1384887695312
2000-01-21,703.0928344726562
2000-01-22,702.1088867187499
2000-01-23,719.1427612304689
2000-01-24,742.5938110351562
2000-01-25,750.2848510742188
2000-01-26,746.1279907226561
2000-01-27,742.6832885742188
2000-01-28,739.59619140625
2000-01-29,744.1179809570312
2000-01-30,759.3056640624999
2000-01-31,761.4923706054686
2000-02-01,754.5579223632812
2000-02-02,749.3675537109375
2000-02-03,745.1616821289062
2000-02-04,741.4663696289062
2000-02-05,738.2745361328126
2000-02-06,735.509521484375
2000-02-07,732.8707885742188
2000-02-08,730.2954101562499
2000-02-09,727.8531494140626
2000-02-10,725.4854125976561
2000-02-11,723.041748046875
2000-02-12,720.3734130859376
2000-02-13,718.6063232421876
2000-02-14,735.3666381835938
2000-02-15,732.1925659179686
2000-02-16,729.3003540039064
2000-02-17,726.3408203125
2000-02-18,723.6843261718751
2000-02-19,721.096435546875
2000-02-20,718.8555297851562
2000-02-21,716.9984130859376
2000-02-22,715.2333984375
2000-02-23,713.3818359375001
2000-02-24,711.36767578125
2000-02-25,709.0705566406249
2000-02-26,706.7188720703125
2000-02-27,704.4140625
2000-02-28,709.6452636718751
2000-02-29,707.7468872070312
2000-03-01,705.7529296875
2000-03-02,703.7332763671875
2000-03-03,701.7921752929689
2000-03-04,711.6705932617188
2000-03-05,709.6900634765624
2000-03-06,707.5484008789064
2000-03-07,705.2957763671875
2000-03-08,702.9031372070312
2000-03-09,700.3296508789064
2000-03-10,697.7372436523439
2000-03-11,695.3790283203124
2000-03-12,715.0593872070312
2000-03-13,713.36328125
2000-03-14,711.5839233398436
2000-03-15,709.5877685546875
2000-03-16,707.2924804687499
2000-03-17,720.8531494140626
2000-03-18,718.2455444335938
2000-03-19,716.1801147460938
2000-03-20,755.9055175781249
2000-03-21,749.4285888671875
2000-03-22,744.0610351562498
2000-03-23,739.3792114257811
2000-03-24,735.3486938476562
2000-03-25,731.4897460937501
2000-03-26,727.5787963867188
2000-03-27,724.0671997070311
2000-03-28,727.06005859375
2000-03-29,724.0118408203125
2000-03-30,721.1694946289061
2000-03-31,724.782470703125
2000-04-01,721.5922851562498
2000-04-02,718.3527221679688
2000-04-03,726.3853149414062
2000-04-04,730.5354614257811
2000-04-05,727.8516235351562
2000-04-06,725.0211791992186
2000-04-07,721.8609619140626
2000-04-08,718.9287109375001
2000-04-09,719.5865478515625
2000-04-10,717.3262329101562
2000-04-11,714.7622680664062
2000-04-12,711.7488403320311
2000-04-13,708.8472290039062
2000-04-14,706.8052978515625
2000-04-15,704.888427734375
2000-04-16,702.383544921875
2000-04-17,699.4716796875
2000-04-18,696.7772827148438
2000-04-19,694.4124145507814
2000-04-20,691.7550048828124
2000-04-21,688.9540405273438
2000-04-22,686.760498046875
2000-04-23,684.789794921875
2000-04-24,682.734375
2000-04-25,688.3221435546875
2000-04-26,686.3522338867189
2000-04-27,685.5604248046875
2000-04-28,689.0774536132812
2000-04-29,686.8685302734376
2000-04-30,684.5320434570312
2000-05-01,682.0277099609375
2000-05-02,679.2900390624999
2000-05-03,676.1654663085938
2000-05-04,680.5571899414064
2000-05-05,677.6588134765624
2000-05-06,674.630126953125
2000-05-07,671.4744873046875
2000-05-08,668.2613525390625
2000-05-09,665.0050659179688
2000-05-10,661.7061767578124
2000-05-11,658.6655883789064
2000-05-12,655.3071899414064
2000-05-13,651.6307373046875
2000-05-14,648.147705078125
2000-05-15,645.3236694335938
2000-05-16,642.7194213867189
2000-05-17,639.811279296875
2000-05-18,636.5520629882814
2000-05-19,633.0889892578125
2000-05-20,629.4703979492189
2000-05-21,625.9107055664062
2000-05-22,629.6443481445314
2000-05-23,626.5755615234376
2000-05-24,623.1527099609375
2000-05-25,619.2693481445314
2000-05-26,618.6723632812501
2000-05-27,614.8984985351562
2000-05-28,611.0685424804688
2000-05-29,609.4434204101562
2000-05-30,606.6347045898436
2000-05-31,604.0104370117188
2000-06-01,601.1833496093749
2000-06-02,597.8862304687499
2000-06-03,594.2498779296875
2000-06-04,590.497802734375
2000-06-05,587.1515502929689
2000-06-06,592.2196655273438
2000-06-07,589.9104003906251
2000-06-08,587.4144287109375
2000-06-09,584.6133422851562
2000-06-10,581.5130615234376
2000-06-11,578.2669677734375
2000-06-12,574.8552856445312
2000-06-13,571.16015625
2000-06-14,567.2977905273438
2000-06-15,563.442626953125
2000-06-16,561.4393310546874
2000-06-17,562.594970703125
2000-06-18,565.9917602539064
2000-06-19,562.8788452148438
2000-06-20,562.8601074218751
2000-06-21,559.2553100585938
2000-06-22,555.6467895507814
2000-06-23,552.30322265625
2000-06-24,548.8331909179688
2000-06-25,545.2576293945312
2000-06-26,541.817626953125
2000-06-27,545.7163696289062
2000-06-28,542.386474609375
2000-06-29,546.22216796875
2000-06-30,544.8887939453125
2000-07-01,541.7925415039062
2000-07-02,538.6293334960938
2000-07-03,535.3689575195312
2000-07-04,531.9983520507812
2000-07-05,528.4849243164064
2000-07-06,524.7318725585939
2000-07-07,520.9922485351562
2000-07-08,517.2437133789064
2000-07-09,513.8484497070314
2000-07-10,510.3283386230469
2000-07-11,506.6346130371094
2000-07-12,505.54461669921886
2000-07-13,506.9845886230469
2000-07-14,503.61962890625006
2000-07-15,500.1849060058593
2000-07-16,496.9944152832032
2000-07-17,493.872802734375
2000-07-18,490.7249755859375
2000-07-19,487.45269775390625
2000-07-20,483.97149658203125
2000-07-21,484.70520019531256
2000-07-22,481.48388671875
2000-07-23,478.32153320312506
2000-07-24,490.5476989746093
2000-07-25,488.0896911621093
2000-07-26,485.61907958984375
2000-07-27,483.0233459472656
2000-07-28,480.19628906249994
2000-07-29,477.3804016113281
2000-07-30,481.2833862304688
2000-07-31,489.826416015625
2000-08-01,499.40222167968756
2000-08-02,504.8576354980469
2000-08-03,510.32989501953125
2000-08-04,508.4515686035156
2000-08-05,514.747314453125
2000-08-06,511.69244384765625
2000-08-07,508.4420471191407
2000-08-08,505.201629638672
2000-08-09,501.9120483398438
2000-08-10,498.6154174804688
2000-08-11,495.4368286132813
2000-08-12,492.68814086914057
2000-08-13,490.17813110351557
2000-08-14,487.720245361328
2000-08-15,485.16937255859386
2000-08-16,482.46630859375
2000-08-17,479.47384643554693
2000-08-18,476.2552490234375
2000-08-19,472.9846496582031
2000-08-20,470.07400512695307
2000-08-21,478.39443969726557
2000-08-22,476.39093017578125
2000-08-23,474.1383361816406
2000-08-24,471.6354064941406
2000-08-25,480.9775085449218
2000-08-26,478.29061889648443
2000-08-27,475.7067260742188
2000-08-28,481.71444702148443
2000-08-29,479.01364135742176
2000-08-30,476.6105651855469
2000-08-31,490.3529052734375
2000-09-01,552.9812622070312
2000-09-02,556.7578735351562
2000-09-03,562.507568359375
2000-09-04,562.3377075195312
2000-09-05,570.1371459960938
2000-09-06,576.8826904296876
2000-09-07,579.8989868164064
2000-09-08,580.2158813476561
2000-09-09,578.7088623046875
2000-09-10,576.1609497070314
2000-09-11,573.5192260742188
2000-09-12,570.8716430664062
2000-09-13,568.2293701171875
2000-09-14,565.4962158203125
2000-09-15,562.6867675781249
2000-09-16,560.5968627929688
2000-09-17,558.7684936523438
2000-09-18,557.0185546875001
2000-09-19,560.5344848632812
2000-09-20,558.2219848632812
2000-09-21,557.5320434570312
2000-09-22,564.9884033203124
2000-09-23,597.8937377929688
2000-09-24,595.1877441406249
2000-09-25,592.2805786132812
2000-09-26,598.0712280273438
2000-09-27,596.4463500976562
2000-09-28,594.8372802734376
2000-09-29,593.0820922851562
2000-09-30,591.2349853515625
2000-10-01,589.2980346679688
2000-10-02,587.3538818359376
2000-10-03,585.3787841796875
2000-10-04,583.2844238281249
2000-10-05,581.1919555664062
2000-10-06,578.9959716796876
2000-10-07,597.7539672851562
2000-10-08,596.3371582031249
2000-10-09,595.2847290039062
2000-10-10,594.2844848632812
2000-10-11,593.15625
2000-10-12,591.858154296875
2000-10-13,590.4385986328125
2000-10-14,588.9500122070312
2000-10-15,587.4143676757812
2000-10-16,585.8117065429689
2000-10-17,584.0914306640625
2000-10-18,582.3024291992188
2000-10-19,580.4292602539064
2000-10-20,578.6795654296875
2000-10-21,576.9521484375
2000-10-22,575.2015380859376
2000-10-23,573.4151000976562
2000-10-24,571.768310546875
2000-10-25,570.1901245117189
2000-10-26,568.5161743164064
2000-10-27,566.8565673828125
2000-10-28,565.0753173828125
2000-10-29,563.236572265625
2000-10-30,561.67041015625
2000-10-31,560.0938110351562
2000-11-01,558.4597778320314
2000-11-02,556.79638671875
2000-11-03,555.0390014648438
2000-11-04,553.2671508789062
2000-11-05,553.0123901367188
2000-11-06,551.6790771484375
2000-11-07,551.017578125
2000-11-08,551.0100708007814
2000-11-09,559.8480834960938
2000-11-10,575.742431640625
2000-11-11,574.7719116210938
2000-11-12,573.7926025390625
2000-11-13,572.7700805664064
2000-11-14,576.361572265625
2000-11-15,575.5640869140624
2000-11-16,574.7215576171875
2000-11-17,584.4021606445312
2000-11-18,590.9246826171875
2000-11-19,614.3107299804688
2000-11-20,626.3865966796876
2000-11-21,625.6115112304689
2000-11-22,624.9941406249999
2000-11-23,624.2730102539064
2000-11-24,623.382568359375
2000-11-25,656.29296875
2000-11-26,666.9777221679688
2000-11-27,665.91943359375
2000-11-28,664.8787231445314
2000-11-29,663.7703857421875
2000-11-30,662.692626953125
2000-12-01,661.8193359375001
2000-12-02,661.723876953125
2000-12-03,665.3043823242188
2000-12-04,664.668212890625
2000-12-05,663.96337890625
2000-12-06,663.1922607421875
2000-12-07,662.4304809570314
2000-12-08,661.5910034179688
2000-12-09,660.6082153320312
2000-12-10,665.2449340820312
2000-12-11,665.2916870117188
2000-12-12,664.2459716796876
2000-12-13,663.4359130859376
2000-12-14,668.821533203125
2000-12-15,671.2493286132812
2000-12-16,686.4221801757812
2000-12-17,703.6365966796876
2000-12-18,702.7726440429689
2000-12-19,710.4006347656249
2000-12-20,709.47265625
2000-12-21,708.5422363281249
2000-12-22,707.6816406249999
2000-12-23,706.7492675781249
2000-12-24,705.7724609375001
2000-12-25,707.0250854492189
2000-12-26,707.5356445312501
2000-12-27,707.376953125
2000-12-28,712.9580078125
2000-12-29,730.8518676757811
2000-12-30,728.8999633789062
2000-12-31,736.591796875
2001-01-01,734.2557373046875
2001-01-02,732.1201782226561
2001-01-03,730.1557006835938
2001-01-04,728.2821655273436
2001-01-05,726.3478393554688
2001-01-06,724.3765258789062
2001-01-07,722.4845581054688
2001-01-08,736.6611328125
2001-01-09,734.0726928710938
2001-01-10,731.8531494140626
2001-01-11,729.697021484375
2001-01-12,736.5156860351561
2001-01-13,733.8711547851561
2001-01-14,731.3036499023436
2001-01-15,729.9049682617189
2001-01-16,727.3765258789062
2001-01-17,730.2304077148436
2001-01-18,728.8236083984374
2001-01-19,732.2498168945311
2001-01-20,755.0018920898438
2001-01-21,749.8267822265626
2001-01-22,745.6055297851561
2001-01-23,741.9527587890625
2001-01-24,738.6474609375001
2001-01-25,735.6934814453125
2001-01-26,733.2621459960936
2001-01-27,730.9013061523436
2001-01-28,728.4688110351562
2001-01-29,726.1372070312499
2001-01-30,742.0704345703125
2001-01-31,738.2443847656249
2001-02-01,734.8806152343751
2001-02-02,732.4047241210938
2001-02-03,730.075927734375
2001-02-04,727.8678588867186
2001-02-05,725.6689453124999
2001-02-06,723.5891113281249
2001-02-07,721.5198974609375
2001-02-08,719.32470703125
2001-02-09,717.0549926757812
2001-02-10,720.5994262695311
2001-02-11,718.6815795898438
2001-02-12,718.9322509765624
2001-02-13,725.941162109375
2001-02-14,725.9376831054686
2001-02-15,723.7783203125
2001-02-16,720.6173095703124
2001-02-17,730.5369873046875
2001-02-18,728.1268920898438
2001-02-19,725.9170532226561
2001-02-20,723.6780395507812
2001-02-21,721.2487182617189
2001-02-22,732.4959716796876
2001-02-23,743.7399902343751
2001-02-24,739.7681884765625
2001-02-25,739.6872558593751
2001-02-26,744.8047485351562
2001-02-27,740.2074584960938
2001-02-28,737.3087768554686
2001-03-01,733.8897705078125
2001-03-02,730.5553588867186
2001-03-03,747.1314086914062
2001-03-04,799.4747924804686
2001-03-05,761.5392456054686
2001-03-06,754.1775512695311
2001-03-07,748.8118896484375
2001-03-08,744.3936767578124
2001-03-09,740.4710693359374
2001-03-10,737.1920776367188
2001-03-11,734.1085815429685
2001-03-12,731.0346069335938
2001-03-13,777.5276489257811
2001-03-14,761.80517578125
2001-03-15,801.6573486328125
2001-03-16,761.2844238281249
2001-03-17,753.27880859375
2001-03-18,747.6636962890625
2001-03-19,743.1480102539061
2001-03-20,773.208251953125
2001-03-21,778.6147460937501
2001-03-22,762.716064453125
2001-03-23,754.3834228515625
2001-03-24,748.1950073242188
2001-03-25,744.75244140625
2001-03-26,740.5712890624999
2001-03-27,737.2317504882812
2001-03-28,734.2191772460939
2001-03-29,743.0422973632812
2001-03-30,766.3049926757811
2001-03-31,756.5901489257811
2001-04-01,749.9254150390625
2001-04-02,744.8920288085939
2001-04-03,740.3788452148438
2001-04-04,761.5776367187501
2001-04-05,754.8607177734374
2001-04-06,748.19482421875
2001-04-07,742.2554321289062
2001-04-08,736.7694091796875
2001-04-09,731.8473510742188
2001-04-10,727.1907348632812
2001-04-11,722.6192626953125
2001-04-12,718.4743041992188
2001-04-13,714.6309814453125
2001-04-14,717.0206298828124
2001-04-15,721.2603149414062
2001-04-16,733.2054443359374
2001-04-17,729.6614379882814
2001-04-18,727.0023803710938
2001-04-19,724.4043579101561
2001-04-20,721.6931762695311
2001-04-21,718.6575317382811
2001-04-22,715.3391113281249
2001-04-23,712.012451171875
2001-04-24,708.6270751953125
2001-04-25,714.1807861328126
2001-04-26,711.5880737304689
2001-04-27,708.9798583984375
2001-04-28,706.1036376953125
2001-04-29,702.9304809570314
2001-04-30,699.9418945312501
2001-05-01,697.1942138671874
2001-05-02,694.4179077148438
2001-05-03,691.6428833007812
2001-05-04,688.8670654296875
2001-05-05,685.957275390625
2001-05-06,682.8218383789064
2001-05-07,679.591796875
2001-05-08,677.1356811523439
2001-05-09,674.4957885742188
2001-05-10,671.5675659179688
2001-05-11,670.892822265625
2001-05-12,667.8012084960938
2001-05-13,664.8109741210938
2001-05-14,662.117919921875
2001-05-15,659.3681640624999
2001-05-16,656.2490234375
2001-05-17,652.7993774414064
2001-05-18,649.2287597656249
2001-05-19,645.6541137695312
2001-05-20,660.5711059570314
2001-05-21,659.5859375
2001-05-22,656.0963745117189
2001-05-23,660.7198486328125
2001-05-24,658.1136474609375
2001-05-25,660.0161132812501
2001-05-26,657.4907836914064
2001-05-27,654.5714111328125
2001-05-28,659.0485229492189
2001-05-29,695.6137695312501
2001-05-30,692.1301879882814
2001-05-31,688.6285400390625
2001-06-01,700.8208618164062
2001-06-02,717.850830078125
2001-06-03,713.587646484375
2001-06-04,720.8761596679686
2001-06-05,723.9321899414062
2001-06-06,721.3153686523438
2001-06-07,716.2681884765624
2001-06-08,720.1477661132812
2001-06-09,720.9115600585938
2001-06-10,718.5516357421875
2001-06-11,713.7961425781249
2001-06-12,736.3972778320312
2001-06-13,785.4566650390625
2001-06-14,760.272216796875
2001-06-15,773.2650756835938
2001-06-16,760.3779907226561
2001-06-17,750.3880615234375
2001-06-18,742.6659545898436
2001-06-19,736.1665039062499
2001-06-20,730.4501953124999
2001-06-21,725.0220336914062
2001-06-22,725.8728637695311
2001-06-23,730.1778564453125
2001-06-24,725.3984985351562
2001-06-25,720.8278808593751
2001-06-26,716.3545532226562
2001-06-27,711.8983154296875
2001-06-28,714.2562866210938
2001-06-29,710.7881469726562
2001-06-30,707.8931274414064
2001-07-01,711.3488159179688
2001-07-02,708.1361694335938
2001-07-03,714.8831787109375
2001-07-04,720.8016967773438
2001-07-05,725.6275634765625
2001-07-06,720.4456176757812
2001-07-07,715.4673461914062
2001-07-08,710.5339965820312
2001-07-09,705.3834228515625
2001-07-10,700.303466796875
2001-07-11,695.9958496093749
2001-07-12,691.0512084960938
2001-07-13,689.0522460937501
2001-07-14,685.1085205078125
2001-07-15,681.3233642578125
2001-07-16,677.4896850585938
2001-07-17,673.7092895507814
2001-07-18,669.8753051757812
2001-07-19,665.8609619140624
2001-07-20,678.4481201171876
2001-07-21,674.4063110351562
2001-07-22,670.7852172851562
2001-07-23,667.0601196289064
2001-07-24,672.7981567382812
2001-07-25,735.7179565429686
2001-07-26,735.8530883789062
2001-07-27,729.7192993164062
2001-07-28,724.0621337890625
2001-07-29,734.5504760742188
2001-07-30,739.2184448242188
2001-07-31,732.5932006835938
2001-08-01,727.0614624023438
2001-08-02,722.1000976562499
2001-08-03,717.4540405273438
2001-08-04,712.8428955078125
2001-08-05,708.0939941406249
2001-08-06,703.5354003906251
2001-08-07,699.1004638671874
2001-08-08,694.58740234375
2001-08-09,690.02197265625
2001-08-10,685.6137695312501
2001-08-11,684.8075561523438
2001-08-12,683.7407836914064
2001-08-13,679.724853515625
2001-08-14,685.0238037109375
2001-08-15,681.0342407226562
2001-08-16,677.0899047851562
2001-08-17,673.0521240234375
2001-08-18,668.9010620117188
2001-08-19,671.2730102539064
2001-08-20,667.3715209960938
2001-08-21,664.0206298828124
2001-08-22,660.6614990234376
2001-08-23,657.2427368164064
2001-08-24,653.648681640625
2001-08-25,649.8912963867189
2001-08-26,646.3037719726562
2001-08-27,642.6599731445314
2001-08-28,639.0490112304689
2001-08-29,635.6235961914062
2001-08-30,635.1070556640625
2001-08-31,631.8229370117188
2001-09-01,646.3107299804688
2001-09-02,644.0617065429689
2001-09-03,645.6674804687499
2001-09-04,654.9141235351562
2001-09-05,656.2136840820312
2001-09-06,652.66357421875
2001-09-07,649.2786865234376
2001-09-08,645.9915771484375
2001-09-09,642.8008422851562
2001-09-10,639.6165161132812
2001-09-11,641.3212890624999
2001-09-12,638.3702392578125
2001-09-13,635.6693725585939
2001-09-14,633.0040283203124
2001-09-15,630.5356445312501
2001-09-16,628.533935546875
2001-09-17,626.5188598632812
2001-09-18,624.37158203125
2001-09-19,622.0230102539064
2001-09-20,619.3467407226562
2001-09-21,616.6575317382811
2001-09-22,614.0374145507814
2001-09-23,611.3258666992189
2001-09-24,623.5344238281249
2001-09-25,635.2137451171876
2001-09-26,633.5882568359375
2001-09-27,631.8586425781249
2001-09-28,630.0473632812501
2001-09-29,628.1922607421875
2001-09-30,626.5001220703125
2001-10-01,624.8226318359376
2001-10-02,623.044677734375
2001-10-03,621.0813598632812
2001-10-04,619.0464477539062
2001-10-05,616.9655761718751
2001-10-06,621.9140014648438
2001-10-07,620.31396484375
2001-10-08,618.920166015625
2001-10-09,617.5325317382811
2001-10-10,616.0473022460939
2001-10-11,614.2848510742188
2001-10-12,612.2023925781249
2001-10-13,611.1879272460939
2001-10-14,611.4691162109375
2001-10-15,611.8203735351562
2001-10-16,610.1761474609375
2001-10-17,608.9313354492189
2001-10-18,607.802001953125
2001-10-19,606.61181640625
2001-10-20,605.1371459960936
2001-10-21,603.4465942382812
2001-10-22,601.5982055664062
2001-10-23,599.5445556640625
2001-10-24,597.4280395507814
2001-10-25,595.7597045898436
2001-10-26,594.3028564453125
2001-10-27,593.2220458984375
2001-10-28,592.42919921875
2001-10-29,591.603271484375
2001-10-30,590.6220092773438
2001-10-31,589.4677734375
2001-11-01,588.1772460937501
2001-11-02,586.5835571289064
2001-11-03,584.9061279296875
2001-11-04,583.11328125
2001-11-05,581.7229003906251
2001-11-06,580.5121459960936
2001-11-07,579.4227294921875
2001-11-08,578.1939697265624
2001-11-09,576.8572998046875
2001-11-10,575.5694580078125
2001-11-11,574.2754516601562
2001-11-12,572.9864501953125
2001-11-13,571.8731079101561
2001-11-14,570.833984375
2001-11-15,569.6968994140625
2001-11-16,568.570556640625
2001-11-17,567.31494140625
2001-11-18,566.0524902343751
2001-11-19,564.9303588867188
2001-11-20,563.7918090820314
2001-11-21,562.8990478515625
2001-11-22,562.050048828125
2001-11-23,561.0489501953125
2001-11-24,573.0972290039062
2001-11-25,577.6767578125
2001-11-26,576.1369018554688
2001-11-27,574.6126098632812
2001-11-28,573.0093994140625
2001-11-29,571.4495239257812
2001-11-30,572.0824584960938
2001-12-01,570.9368896484375
2001-12-02,569.8097534179688
2001-12-03,568.670166015625
2001-12-04,567.6676635742189
2001-12-05,566.587646484375
2001-12-06,565.3032836914064
2001-12-07,563.9703369140624
2001-12-08,562.6115112304689
2001-12-09,561.2445678710938
2001-12-10,560.0950927734375
2001-12-11,576.8113403320311
2001-12-12,575.9022216796876
2001-12-13,576.16064453125
2001-12-14,576.9262084960938
2001-12-15,575.7267456054688
2001-12-16,574.6238403320312
2001-12-17,573.5319213867189
2001-12-18,590.6177368164064
2001-12-19,589.6962890624999
2001-12-20,588.8049926757812
2001-12-21,588.0599365234376
2001-12-22,587.29541015625
2001-12-23,586.4869384765624
2001-12-24,594.3006591796875
2001-12-25,593.6624755859375
2001-12-26,593.0896606445312
2001-12-27,592.5737304687499
2001-12-28,591.977294921875
2001-12-29,591.1441650390625
2001-12-30,590.3425903320311
2001-12-31,589.72216796875
2002-01-01,589.2220458984375
2002-01-02,588.6663208007814
2002-01-03,591.3171386718751
2002-01-04,590.9149169921875
2002-01-05,590.4360961914062
2002-01-06,601.4052734375
2002-01-07,606.4316406249999
2002-01-08,605.8665771484375
2002-01-09,605.2492065429689
2002-01-10,604.3587036132812
2002-01-11,603.2601318359376
2002-01-12,602.3681640624999
2002-01-13,616.904296875
2002-01-14,616.0703735351562
2002-01-15,615.2685546875001
2002-01-16,614.4972534179688
2002-01-17,613.7227783203124
2002-01-18,612.8242797851562
2002-01-19,611.7604370117188
2002-01-20,641.1794433593751
2002-01-21,640.2847900390625
2002-01-22,641.7986450195312
2002-01-23,648.2511596679689
2002-01-24,647.391845703125
2002-01-25,661.7301635742188
2002-01-26,660.5817260742188
2002-01-27,659.5203857421875
2002-01-28,658.3937377929688
2002-01-29,656.8352661132812
2002-01-30,655.1162109375001
2002-01-31,653.2694702148438
2002-02-01,651.338623046875
2002-02-02,650.1726684570312
2002-02-03,649.2366333007812
2002-02-04,649.8600463867189
2002-02-05,649.0731811523439
2002-02-06,658.8277587890625
2002-02-07,716.367431640625
2002-02-08,719.1445922851562
2002-02-09,717.2874755859375
2002-02-10,715.4174194335938
2002-02-11,713.40380859375
2002-02-12,711.8913574218751
2002-02-13,710.342529296875
2002-02-14,708.7387695312501
2002-02-15,707.1815795898438
2002-02-16,705.5622558593751
2002-02-17,703.9343261718751
2002-02-18,702.5618286132812
2002-02-19,701.236083984375
2002-02-20,699.7598266601564
2002-02-21,702.90771484375
2002-02-22,701.1021118164062
2002-02-23,699.6366577148438
2002-02-24,698.3521118164062
2002-02-25,696.9284057617188
2002-02-26,695.2854614257812
2002-02-27,694.049072265625
2002-02-28,693.2867431640625
2002-03-01,692.4010620117188
2002-03-02,718.2305297851562
2002-03-03,755.7811889648436
2002-03-04,750.3806762695311
2002-03-05,746.1268920898438
2002-03-06,742.252197265625
2002-03-07,738.6007080078125
2002-03-08,735.0451049804686
2002-03-09,731.4437866210938
2002-03-10,733.6793212890625
2002-03-11,730.8863525390625
2002-03-12,732.8977661132812
2002-03-13,750.6443481445312
2002-03-14,745.2335205078125
2002-03-15,740.4078369140625
2002-03-16,735.93310546875
2002-03-17,731.39794921875
2002-03-18,727.2371826171875
2002-03-19,723.4966430664062
2002-03-20,720.134033203125
2002-03-21,741.3221435546875
2002-03-22,737.5573120117186
2002-03-23,734.6397094726561
2002-03-24,731.6769409179686
2002-03-25,728.2646484375
2002-03-26,724.6795043945312
2002-03-27,740.2281494140626
2002-03-28,736.4516601562499
2002-03-29,732.9390869140625
2002-03-30,729.0460815429685
2002-03-31,755.5718994140626
2002-04-01,761.0447387695311
2002-04-02,752.7440185546875
2002-04-03,746.0523681640626
2002-04-04,740.8016967773438
2002-04-05,736.8260498046875
2002-04-06,733.2750854492186
2002-04-07,730.050537109375
2002-04-08,726.7086181640626
2002-04-09,723.1461181640626
2002-04-10,738.9888305664062
2002-04-11,735.2107543945312
2002-04-12,733.111633300781
2002-04-13,739.8045043945312
2002-04-14,746.3441162109375
2002-04-15,740.5030517578125
2002-04-16,735.1669921875
2002-04-17,730.2056884765625
2002-04-18,725.405029296875
2002-04-19,720.8095092773438
2002-04-20,716.3455810546874
2002-04-21,711.9407348632812
2002-04-22,707.8386840820312
2002-04-23,704.9856567382812
2002-04-24,702.0639038085939
2002-04-25,698.8806152343751
2002-04-26,696.2734985351562
2002-04-27,696.1510620117188
2002-04-28,693.492919921875
2002-04-29,691.4675903320311
2002-04-30,688.4528198242188
2002-05-01,706.1575927734375
2002-05-02,702.4151000976562
2002-05-03,698.2253417968751
2002-05-04,710.4418334960938
2002-05-05,722.6637573242188
2002-05-06,719.3132324218751
2002-05-07,715.7458496093749
2002-05-08,711.5713500976562
2002-05-09,707.2497558593751
2002-05-10,703.1569824218751
2002-05-11,699.1281738281249
2002-05-12,695.4933471679688
2002-05-13,691.7059936523439
2002-05-14,694.42333984375
2002-05-15,691.981689453125
2002-05-16,689.2474365234376
2002-05-17,686.1401367187499
2002-05-18,697.5097656249999
2002-05-19,704.5640869140624
2002-05-20,702.1878662109375
2002-05-21,699.8431396484375
2002-05-22,697.5370483398436
2002-05-23,695.2608032226562
2002-05-24,692.6334228515625
2002-05-25,689.5385131835936
2002-05-26,686.111083984375
2002-05-27,682.5657348632812
2002-05-28,679.1826171875
2002-05-29,675.8150024414064
2002-05-30,672.3444824218751
2002-05-31,668.8994750976562
2002-06-01,665.0730590820312
2002-06-02,660.8323364257812
2002-06-03,656.3781738281249
2002-06-04,651.8830566406249
2002-06-05,654.5734252929689
2002-06-06,658.5993041992188
2002-06-07,659.3817138671874
2002-06-08,655.5993041992188
2002-06-09,652.53515625
2002-06-10,649.3392333984375
2002-06-11,645.8505859375001
2002-06-12,642.2131958007814
2002-06-13,638.3400268554689
2002-06-14,634.4488525390625
2002-06-15,631.1860961914062
2002-06-16,628.2625732421876
2002-06-17,625.1091918945312
2002-06-18,621.790771484375
2002-06-19,618.4947509765624
2002-06-20,615.141845703125
2002-06-21,611.7074584960938
2002-06-22,610.4999389648438
2002-06-23,616.7648315429689
2002-06-24,621.7115478515625
2002-06-25,617.9730834960938
2002-06-26,621.5479736328125
2002-06-27,631.4742431640625
2002-06-28,630.3648681640624
2002-06-29,628.627685546875
2002-06-30,628.363037109375
2002-07-01,632.7025146484375
2002-07-02,636.3269653320312
2002-07-03,637.3756103515625
2002-07-04,633.5665893554688
2002-07-05,629.6482543945314
2002-07-06,625.3464965820312
2002-07-07,621.0745849609375
2002-07-08,617.2435913085938
2002-07-09,613.4970703125
2002-07-10,609.5627441406249
2002-07-11,605.6050415039062
2002-07-12,602.1361694335938
2002-07-13,598.9954223632812
2002-07-14,604.9758911132814
2002-07-15,601.2019653320312
2002-07-16,597.2608032226562
2002-07-17,593.16357421875
2002-07-18,588.9798583984375
2002-07-19,584.8988647460938
2002-07-20,580.8695068359375
2002-07-21,576.9633178710938
2002-07-22,578.4768066406249
2002-07-23,579.8782348632812
2002-07-24,576.5250854492189
2002-07-25,581.5101928710938
2002-07-26,580.3418579101562
2002-07-27,581.0072631835936
2002-07-28,577.3855590820312
2002-07-29,573.5512084960938
2002-07-30,569.8048095703124
2002-07-31,569.078369140625
2002-08-01,565.4585571289064
2002-08-02,561.9179077148438
2002-08-03,558.4318847656249
2002-08-04,555.1105346679688
2002-08-05,551.7628173828125
2002-08-06,548.1809082031249
2002-08-07,544.3875122070312
2002-08-08,541.5722045898438
2002-08-09,538.7967529296875
2002-08-10,536.0529174804688
2002-08-11,533.2864990234375
2002-08-12,530.3967895507814
2002-08-13,527.4017944335938
2002-08-14,524.2777709960938
2002-08-15,522.8875732421876
2002-08-16,519.7695922851562
2002-08-17,527.140380859375
2002-08-18,523.8914184570312
2002-08-19,535.4340209960938
2002-08-20,532.2064208984375
2002-08-21,528.8317871093751
2002-08-22,525.4702758789062
2002-08-23,530.6947021484375
2002-08-24,527.2542724609375
2002-08-25,523.8417358398438
2002-08-26,521.3256225585939
2002-08-27,531.0078125
2002-08-28,528.3246459960938
2002-08-29,525.84228515625
2002-08-30,523.3411865234375
2002-08-31,523.70263671875
2002-09-01,521.4630126953125
2002-09-02,519.0167236328124
2002-09-03,516.4845581054689
2002-09-04,513.8336181640624
2002-09-05,510.9905090332031
2002-09-06,508.19561767578125
2002-09-07,505.58233642578125
2002-09-08,503.20227050781244
2002-09-09,500.8496398925781
2002-09-10,498.4893493652345
2002-09-11,495.87579345703125
2002-09-12,493.15664672851557
2002-09-13,490.576629638672
2002-09-14,517.2595825195314
2002-09-15,545.876953125
2002-09-16,551.6182861328125
2002-09-17,548.8634643554688
2002-09-18,549.6790771484375
2002-09-19,546.9813232421876
2002-09-20,544.4066162109375
2002-09-21,543.0742797851562
2002-09-22,541.6188354492189
2002-09-23,539.1175537109375
2002-09-24,536.6676635742189
2002-09-25,537.38671875
2002-09-26,545.8450317382812
2002-09-27,557.3336791992188
2002-09-28,556.5162963867189
2002-09-29,554.3253173828125
2002-09-30,552.1840209960938
2002-10-01,549.9063110351562
2002-10-02,547.4849853515625
2002-10-03,545.1091918945312
2002-10-04,542.7664794921875
2002-10-05,540.7657470703125
2002-10-06,538.2612915039062
2002-10-07,545.0230102539064
2002-10-08,542.7362670898439
2002-10-09,541.7904663085938
2002-10-10,540.2086791992188
2002-10-11,542.8682861328125
2002-10-12,540.8145751953125
2002-10-13,572.1589965820312
2002-10-14,571.7531127929688
2002-10-15,579.2558593750001
2002-10-16,607.7728881835938
2002-10-17,606.4241333007812
2002-10-18,605.1264038085939
2002-10-19,603.7701416015625
2002-10-20,602.0936279296875
2002-10-21,608.6732788085939
2002-10-22,609.5635375976561
2002-10-23,608.01220703125
2002-10-24,608.5443725585939
2002-10-25,608.4230346679688
2002-10-26,608.3414916992189
2002-10-27,608.0616455078125
2002-10-28,612.5086059570314
2002-10-29,618.9931640624999
2002-10-30,619.6040039062499
2002-10-31,618.1583862304689
2002-11-01,616.9568481445314
2002-11-02,615.8440551757812
2002-11-03,614.7390747070312
2002-11-04,621.5781860351561
2002-11-05,625.1094360351561
2002-11-06,635.992431640625
2002-11-07,634.9061279296875
2002-11-08,633.8505859375001
2002-11-09,632.6167602539064
2002-11-10,638.480224609375
2002-11-11,650.0771484375
2002-11-12,693.7861938476562
2002-11-13,694.9552612304689
2002-11-14,693.6595458984375
2002-11-15,692.3073120117188
2002-11-16,709.9853515625
2002-11-17,717.7310791015625
2002-11-18,716.2324829101562
2002-11-19,714.55322265625
2002-11-20,712.8496704101562
2002-11-21,711.0140380859376
2002-11-22,709.2194824218751
2002-11-23,707.9449462890625
2002-11-24,706.5451049804688
2002-11-25,705.0088500976562
2002-11-26,703.5186157226562
2002-11-27,701.9978637695312
2002-11-28,700.8984985351562
2002-11-29,699.8572387695312
2002-11-30,698.6783447265624
2002-12-01,697.4265136718751
2002-12-02,696.4974975585938
2002-12-03,695.4051513671875
2002-12-04,694.1295776367188
2002-12-05,706.0367431640625
2002-12-06,704.9029541015625
2002-12-07,703.8274536132812
2002-12-08,702.6940307617188
2002-12-09,701.4817504882812
2002-12-10,700.3020629882814
2002-12-11,712.2562866210938
2002-12-12,710.7738647460938
2002-12-13,733.3595581054688
2002-12-14,737.5494995117188
2002-12-15,734.9027709960938
2002-12-16,732.2915039062499
2002-12-17,729.68994140625
2002-12-18,727.3673095703124
2002-12-19,725.119445800781
2002-12-20,742.8453369140625
2002-12-21,739.45068359375
2002-12-22,736.3732299804686
2002-12-23,733.4225463867188
2002-12-24,751.0328369140625
2002-12-25,779.4752807617188
2002-12-26,763.5818481445312
2002-12-27,756.0143432617188
2002-12-28,750.5072021484375
2002-12-29,745.9866943359374
2002-12-30,742.01953125
2002-12-31,738.5556030273435
2003-01-01,748.1628417968751
2003-01-02,744.2789916992186
2003-01-03,741.8525390624999
2003-01-04,738.7977905273436
2003-01-05,735.9729614257811
2003-01-06,733.2031860351561
2003-01-07,730.8895874023436
2003-01-08,728.6928100585938
2003-01-09,726.2828979492188
2003-01-10,723.7461547851561
2003-01-11,721.9528808593751
2003-01-12,720.3441772460939
2003-01-13,718.8427734375
2003-01-14,717.3397216796876
2003-01-15,715.78125
2003-01-16,714.4429321289064
2003-01-17,718.1287231445314
2003-01-18,716.9237060546875
2003-01-19,715.7298583984375
2003-01-20,714.3886718750001
2003-01-21,712.6216430664062
2003-01-22,718.6866455078125
2003-01-23,717.225830078125
2003-01-24,716.1362915039062
2003-01-25,714.9966430664062
2003-01-26,713.6874389648438
2003-01-27,712.3915405273438
2003-01-28,711.1925048828124
2003-01-29,709.7434692382812
2003-01-30,733.1983032226561
2003-01-31,733.6113281249999
2003-02-01,731.0845336914062
2003-02-02,728.6631469726561
2003-02-03,726.0750732421876
2003-02-04,732.0714111328125
2003-02-05,729.6339111328125
2003-02-06,727.3775634765625
2003-02-07,744.6520385742188
2003-02-08,741.1588745117186
2003-02-09,738.0513916015626
2003-02-10,750.2620849609375
2003-02-11,745.7410278320312
2003-02-12,741.8541870117186
2003-02-13,738.3506469726561
2003-02-14,735.1981201171876
2003-02-15,732.1934204101561
2003-02-16,751.3403930664062
2003-02-17,771.3162841796875
2003-02-18,760.359680175781
2003-02-19,753.5079345703125
2003-02-20,748.1839599609375
2003-02-21,743.4280395507812
2003-02-22,761.7726440429685
2003-02-23,772.4991455078125
2003-02-24,760.5164794921875
2003-02-25,753.0336303710938
2003-02-26,747.4872436523438
2003-02-27,759.529296875
2003-02-28,761.314758300781
2003-03-01,753.8795776367188
2003-03-02,753.7180175781249
2003-03-03,748.2363281249999
2003-03-04,743.7769775390626
2003-03-05,741.7140502929686
2003-03-06,769.5034790039062
2003-03-07,790.9219360351561
2003-03-08,762.5119018554686
2003-03-09,754.3809204101561
2003-03-10,748.1406860351561
2003-03-11,743.2823486328125
2003-03-12,739.0836791992186
2003-03-13,734.6705932617188
2003-03-14,738.1994018554686
2003-03-15,749.1290283203124
2003-03-16,749.8920898437501
2003-03-17,744.6116943359374
2003-03-18,764.9718017578125
2003-03-19,760.8455200195312
2003-03-20,797.0092163085938
2003-03-21,763.71484375
2003-03-22,754.6972656249999
2003-03-23,748.2760009765626
2003-03-24,743.10107421875
2003-03-25,738.611633300781
2003-03-26,734.1976318359374
2003-03-27,734.5449829101561
2003-03-28,730.5007934570311
2003-03-29,726.868896484375
2003-03-30,728.0064086914062
2003-03-31,725.691467285156
2003-04-01,723.4151000976562
2003-04-02,720.5448608398438
2003-04-03,717.5997314453125
2003-04-04,714.5594482421875
2003-04-05,713.8212280273438
2003-04-06,720.863037109375
2003-04-07,727.3751220703125
2003-04-08,757.1901245117186
2003-04-09,761.1777343750001
2003-04-10,761.8609619140626
2003-04-11,763.7387695312499
2003-04-12,754.9971313476561
2003-04-13,748.182373046875
2003-04-14,742.5015258789062
2003-04-15,737.4003295898438
2003-04-16,732.8295898437501
2003-04-17,728.6347656249999
2003-04-18,740.9127197265625
2003-04-19,736.3461303710938
2003-04-20,732.2313232421876
2003-04-21,728.2589721679686
2003-04-22,724.7807006835938
2003-04-23,721.8111572265626
2003-04-24,718.9584960937501
2003-04-25,741.5270996093749
2003-04-26,744.820068359375
2003-04-27,739.5745239257811
2003-04-28,734.713623046875
2003-04-29,730.1952514648436
2003-04-30,725.7397460937501
2003-05-01,722.1851196289062
2003-05-02,729.5814208984373
2003-05-03,739.6298828125
2003-05-04,734.7723388671875
2003-05-05,729.9647827148436
2003-05-06,744.6169433593751
2003-05-07,764.7564697265625
2003-05-08,765.8192138671874
2003-05-09,754.0858764648436
2003-05-10,745.6119995117188
2003-05-11,738.7100219726561
2003-05-12,741.2027587890625
2003-05-13,736.2266845703125
2003-05-14,731.6150512695311
2003-05-15,738.7122802734375
2003-05-16,737.3277587890625
2003-05-17,735.0408935546875
2003-05-18,744.8077392578125
2003-05-19,757.7779541015626
2003-05-20,750.0652465820312
2003-05-21,743.5225219726561
2003-05-22,768.8934936523438
2003-05-23,785.9487304687501
2003-05-24,761.768798828125
2003-05-25,751.9318847656249
2003-05-26,744.5018920898438
2003-05-27,738.5307617187501
2003-05-28,733.5557861328126
2003-05-29,728.908447265625
2003-05-30,724.672180175781
2003-05-31,720.4673461914062
2003-06-01,716.1072387695312
2003-06-02,712.5079956054688
2003-06-03,708.3826904296876
2003-06-04,714.9252319335938
2003-06-05,710.95703125
2003-06-06,707.0930175781249
2003-06-07,728.49609375
2003-06-08,740.5547485351562
2003-06-09,734.338195800781
2003-06-10,728.8153686523438
2003-06-11,723.4407958984374
2003-06-12,718.1698608398438
2003-06-13,725.3284912109375
2003-06-14,743.4169311523436
2003-06-15,754.7901611328125
2003-06-16,745.8510131835936
2003-06-17,762.7285156249999
2003-06-18,755.7894287109375
2003-06-19,755.4510498046875
2003-06-20,749.7670288085939
2003-06-21,742.5177001953125
2003-06-22,736.6118774414061
2003-06-23,731.2128295898438
2003-06-24,725.8975830078125
2003-06-25,720.6951904296876
2003-06-26,715.7785034179688
2003-06-27,711.0323486328125
2003-06-28,717.5541381835938
2003-06-29,717.4718627929688
2003-06-30,712.8403930664062
2003-07-01,728.5226440429685
2003-07-02,791.0748901367188
2003-07-03,759.7139892578125
2003-07-04,749.4440307617188
2003-07-05,741.5504150390625
2003-07-06,734.9303588867186
2003-07-07,728.7957763671875
2003-07-08,739.1127929687501
2003-07-09,732.3089599609375
2003-07-10,726.1640625
2003-07-11,732.5684814453125
2003-07-12,733.3640747070311
2003-07-13,727.5361328125
2003-07-14,722.2081909179686
2003-07-15,717.295166015625
2003-07-16,712.3322143554688
2003-07-17,707.362548828125
2003-07-18,702.5887451171876
2003-07-19,706.5441284179688
2003-07-20,708.8784790039062
2003-07-21,711.34619140625
2003-07-22,706.5030517578125
2003-07-23,728.6163330078125
2003-07-24,741.6840209960938
2003-07-25,735.47119140625
2003-07-26,729.8126831054686
2003-07-27,729.0711059570311
2003-07-28,723.4474487304685
2003-07-29,718.3704223632812
2003-07-30,713.2943115234376
2003-07-31,718.4374389648438
2003-08-01,736.8734741210938
2003-08-02,737.8248901367188
2003-08-03,731.8550415039062
2003-08-04,733.7653198242188
2003-08-05,736.580322265625
2003-08-06,730.5368652343751
2003-08-07,732.518798828125
2003-08-08,736.5392456054686
2003-08-09,730.8197021484375
2003-08-10,725.4222412109375
2003-08-11,727.280029296875
2003-08-12,751.6497802734375
2003-08-13,744.0480346679686
2003-08-14,737.2785034179686
2003-08-15,731.8804321289062
2003-08-16,726.0741577148436
2003-08-17,727.6981811523436
2003-08-18,722.3235473632812
2003-08-19,717.19384765625
2003-08-20,716.9187622070312
2003-08-21,712.1657104492188
2003-08-22,707.6680297851562
2003-08-23,703.3018798828124
2003-08-24,698.8767089843751
2003-08-25,694.5899047851562
2003-08-26,690.4266967773438
2003-08-27,686.1649169921875
2003-08-28,681.9135131835936
2003-08-29,683.721435546875
2003-08-30,682.0835571289064
2003-08-31,678.0626220703125
2003-09-01,674.1923828125
2003-09-02,670.4281005859375
2003-09-03,667.6640625
2003-09-04,663.9774780273438
2003-09-05,664.2196655273438
2003-09-06,660.9889526367189
2003-09-07,658.7368774414064
2003-09-08,655.98828125
2003-09-09,653.1693725585939
2003-09-10,650.3865966796876
2003-09-11,647.74267578125
2003-09-12,645.1113281249999
2003-09-13,642.436279296875
2003-09-14,639.6597900390625
2003-09-15,636.7077026367189
2003-09-16,633.8790283203124
2003-09-17,631.2468261718751
2003-09-18,628.7791137695312
2003-09-19,626.197998046875
2003-09-20,623.5338134765624
2003-09-21,620.7840576171876
2003-09-22,622.6756591796875
2003-09-23,676.3137817382811
2003-09-24,673.62744140625
2003-09-25,670.9686279296875
2003-09-26,668.2312622070312
2003-09-27,665.4912719726562
2003-09-28,662.84228515625
2003-09-29,660.98095703125
2003-09-30,659.2197265625
2003-10-01,657.4437255859375
2003-10-02,655.6362915039062
2003-10-03,653.9988403320311
2003-10-04,652.3541259765625
2003-10-05,650.2686157226562
2003-10-06,648.0465698242188
2003-10-07,648.9689331054689
2003-10-08,650.8225708007814
2003-10-09,651.8126220703125
2003-10-10,649.4992065429689
2003-10-11,647.1942138671874
2003-10-12,645.2005004882812
2003-10-13,643.0689697265624
2003-10-14,640.9187622070312
2003-10-15,639.1664428710938
2003-10-16,637.6607055664062
2003-10-17,636.1314697265624
2003-10-18,640.2220458984375
2003-10-19,638.5837402343751
2003-10-20,636.8502197265624
2003-10-21,634.9736328125
2003-10-22,632.9578857421875
2003-10-23,631.1947631835936
2003-10-24,629.5409545898436
2003-10-25,627.8986206054688
2003-10-26,626.3511352539064
2003-10-27,625.7786865234376
2003-10-28,624.3497314453125
2003-10-29,627.0908813476561
2003-10-30,625.5993652343751
2003-10-31,624.0072021484375
2003-11-01,622.3155517578125
2003-11-02,620.4957275390626
2003-11-03,618.642822265625
2003-11-04,616.7557983398436
2003-11-05,617.7256469726562
2003-11-06,624.571044921875
2003-11-07,622.3668823242188
2003-11-08,620.50341796875
2003-11-09,619.1934204101562
2003-11-10,618.09521484375
2003-11-11,616.9546508789064
2003-11-12,615.54443359375
2003-11-13,613.8641357421875
2003-11-14,612.9571533203124
2003-11-15,612.0158081054689
2003-11-16,610.85205078125
2003-11-17,619.3157958984375
2003-11-18,617.4966430664062
2003-11-19,662.72216796875
2003-11-20,661.3097534179688
2003-11-21,659.9575805664062
2003-11-22,658.5449829101562
2003-11-23,657.1401367187499
2003-11-24,655.7186889648438
2003-11-25,657.8988647460938
2003-11-26,657.0133666992189
2003-11-27,655.9464721679688
2003-11-28,668.1448974609375
2003-11-29,670.37255859375
2003-11-30,669.6378784179688
2003-12-01,668.6467895507814
2003-12-02,667.5549926757812
2003-12-03,666.5419921875
2003-12-04,673.2498168945314
2003-12-05,675.5946044921875
2003-12-06,674.8038940429689
2003-12-07,674.0056762695312
2003-12-08,673.1566162109375
2003-12-09,672.2231445312501
2003-12-10,680.5755004882812
2003-12-11,688.7328491210938
2003-12-12,687.82421875
2003-12-13,686.8760375976561
2003-12-14,701.1356811523439
2003-12-15,700.1208496093749
2003-12-16,698.9485473632812
2003-12-17,703.7950439453125
2003-12-18,702.7059326171875
2003-12-19,701.5528564453125
2003-12-20,700.5389404296876
2003-12-21,699.6002197265624
2003-12-22,698.6238403320311
2003-12-23,697.4713134765624
2003-12-24,700.9575195312501
2003-12-25,699.9229736328125
2003-12-26,698.9337768554689
2003-12-27,697.8320922851562
2003-12-28,696.6358032226562
2003-12-29,695.3905639648439
2003-12-30,697.8858032226562
2003-12-31,696.7396850585938
2004-01-01,695.5566406249999
2004-01-02,694.1785278320312
2004-01-03,692.6243286132812
2004-01-04,690.8126831054689
2004-01-05,688.9033203125
2004-01-06,697.5578613281249
2004-01-07,696.688720703125
2004-01-08,695.8911132812501
2004-01-09,702.572998046875
2004-01-10,702.823974609375
2004-01-11,701.9264526367189
2004-01-12,700.905029296875
2004-01-13,699.62548828125
2004-01-14,698.1900634765624
2004-01-15,696.7390136718751
2004-01-16,695.5904541015625
2004-01-17,694.4344482421875
2004-01-18,703.4388427734375
2004-01-19,702.0294189453126
2004-01-20,701.0313720703125
2004-01-21,700.0313720703125
2004-01-22,698.9168090820312
2004-01-23,697.7822875976561
2004-01-24,696.6671752929689
2004-01-25,712.1700439453125
2004-01-26,739.1053466796876
2004-01-27,749.4472656249999
2004-01-28,745.2657470703125
2004-01-29,741.7769775390626
2004-01-30,738.6188354492186
2004-01-31,735.7076416015626
2004-02-01,733.1170654296875
2004-02-02,732.3813476562499
2004-02-03,744.7195434570311
2004-02-04,741.1142578125
2004-02-05,737.9176635742188
2004-02-06,739.872314453125
2004-02-07,766.5711059570311
2004-02-08,757.8284912109375
2004-02-09,751.8035888671875
2004-02-10,746.9238891601561
2004-02-11,742.9009399414062
2004-02-12,772.3038940429685
2004-02-13,764.9972534179686
2004-02-14,764.9588012695311
2004-02-15,768.6069946289061
2004-02-16,762.7030029296875
2004-02-17,755.1489868164064
2004-02-18,749.7065429687501
2004-02-19,745.1581420898438
2004-02-20,741.13232421875
2004-02-21,737.5548706054686
2004-02-22,734.4226684570311
2004-02-23,731.5405883789062
2004-02-24,730.8394775390626
2004-02-25,731.0117797851561
2004-02-26,749.372802734375
2004-02-27,749.5789794921875
2004-02-28,745.2610473632812
2004-02-29,741.3428955078125
2004-03-01,737.7190551757811
2004-03-02,733.810302734375
2004-03-03,729.9682006835938
2004-03-04,726.3203735351562
2004-03-05,722.763427734375
2004-03-06,719.382080078125
2004-03-07,718.8126220703125
2004-03-08,716.3505859375001
2004-03-09,714.4490356445312
2004-03-10,715.5843505859375
2004-03-11,713.8331298828124
2004-03-12,711.8668212890625
2004-03-13,709.8663940429689
2004-03-14,707.8283691406249
2004-03-15,705.4923095703124
2004-03-16,703.6578369140624
2004-03-17,701.4515991210938
2004-03-18,699.548095703125
2004-03-19,697.3701782226564
2004-03-20,694.9129638671874
2004-03-21,694.3609008789064
2004-03-22,692.8729858398438
2004-03-23,691.6219482421875
2004-03-24,690.2498779296875
2004-03-25,688.5423583984375
2004-03-26,686.4572143554688
2004-03-27,684.1871948242188
2004-03-28,681.8237304687499
2004-03-29,679.1971435546875
2004-03-30,680.1629028320312
2004-03-31,685.5285034179688
2004-04-01,686.258544921875
2004-04-02,684.7168579101562
2004-04-03,683.0371704101562
2004-04-04,681.1273803710938
2004-04-05,679.428955078125
2004-04-06,677.6829833984375
2004-04-07,675.6856079101562
2004-04-08,673.474853515625
2004-04-09,673.7242431640625
2004-04-10,671.529052734375
2004-04-11,669.2975463867189
2004-04-12,666.92822265625
2004-04-13,677.0826416015625
2004-04-14,678.4133911132814
2004-04-15,676.8763427734375
2004-04-16,674.9575195312501
2004-04-17,672.7510986328125
2004-04-18,670.3062744140625
2004-04-19,667.6976318359376
2004-04-20,664.9422607421875
2004-04-21,662.2008056640625
2004-04-22,659.6597290039062
2004-04-23,656.9677124023439
2004-04-24,654.1168212890625
2004-04-25,651.2086791992188
2004-04-26,648.27978515625
2004-04-27,654.7374267578124
2004-04-28,652.8806152343751
2004-04-29,650.758544921875
2004-04-30,648.3593139648439
2004-05-01,653.6946411132814
2004-05-02,667.4248657226562
2004-05-03,670.3137817382811
2004-05-04,668.5452270507812
2004-05-05,666.5738525390625
2004-05-06,663.924560546875
2004-05-07,660.8387451171876
2004-05-08,657.6052856445312
2004-05-09,654.1632690429688
2004-05-10,650.9578247070312
2004-05-11,647.8439941406249
2004-05-12,644.6711425781249
2004-05-13,650.8928833007812
2004-05-14,648.9464721679688
2004-05-15,645.83447265625
2004-05-16,642.6963500976562
2004-05-17,639.4406127929688
2004-05-18,636.1229858398438
2004-05-19,645.88232421875
2004-05-20,642.5354614257812
2004-05-21,638.9386596679689
2004-05-22,635.2175903320311
2004-05-23,631.6072998046875
2004-05-24,628.1196899414064
2004-05-25,624.5112915039062
2004-05-26,620.6949462890625
2004-05-27,616.9448852539064
2004-05-28,613.2266845703125
2004-05-29,617.3467407226562
2004-05-30,613.87841796875
2004-05-31,610.0487670898438
2004-06-01,608.4321899414064
2004-06-02,605.5927734375
2004-06-03,602.5074462890625
2004-06-04,599.2714233398436
2004-06-05,596.2734375
2004-06-06,593.1255493164062
2004-06-07,589.9262695312501
2004-06-08,607.7138061523438
2004-06-09,612.7803344726562
2004-06-10,609.3306884765624
2004-06-11,605.6074829101562
2004-06-12,601.5714721679688
2004-06-13,618.2907104492188
2004-06-14,614.6088256835938
2004-06-15,614.8819580078125
2004-06-16,621.3680419921875
2004-06-17,624.4165039062499
2004-06-18,620.3012084960938
2004-06-19,616.2153930664062
2004-06-20,612.2318115234376
2004-06-21,608.3646240234375
2004-06-22,618.2174072265625
2004-06-23,636.3370971679688
2004-06-24,644.7769775390626
2004-06-25,641.0963745117189
2004-06-26,647.0032348632812
2004-06-27,643.9041137695312
2004-06-28,665.7203369140624
2004-06-29,670.6776733398436
2004-06-30,669.461669921875
2004-07-01,678.3948364257812
2004-07-02,687.2922973632812
2004-07-03,688.9256591796875
2004-07-04,684.5820922851562
2004-07-05,680.0895996093749
2004-07-06,675.6034545898436
2004-07-07,671.2454833984375
2004-07-08,667.0972900390625
2004-07-09,662.9407958984375
2004-07-10,658.7342529296875
2004-07-11,654.3925781249999
2004-07-12,650.0416259765625
2004-07-13,645.7476806640625
2004-07-14,641.3839111328125
2004-07-15,637.1087036132812
2004-07-16,633.5534057617188
2004-07-17,630.06982421875
2004-07-18,633.9762573242188
2004-07-19,630.4318237304689
2004-07-20,626.9434204101562
2004-07-21,623.2860717773436
2004-07-22,619.4335327148438
2004-07-23,615.4866943359375
2004-07-24,611.2297363281249
2004-07-25,607.0433959960936
2004-07-26,628.822998046875
2004-07-27,625.1680297851562
2004-07-28,621.4505615234376
2004-07-29,617.659912109375
2004-07-30,616.0687866210938
2004-07-31,612.2706298828124
2004-08-01,608.4271850585938
2004-08-02,604.4851684570312
2004-08-03,601.1629028320312
2004-08-04,597.3115844726562
2004-08-05,593.4238891601562
2004-08-06,589.7584228515625
2004-08-07,586.95556640625
2004-08-08,584.4362182617189
2004-08-09,581.7737426757812
2004-08-10,578.9830322265625
2004-08-11,585.64892578125
2004-08-12,599.0770263671875
2004-08-13,612.7337646484375
2004-08-14,609.9730834960938
2004-08-15,607.0648803710938
2004-08-16,604.0919799804688
2004-08-17,601.0081787109375
2004-08-18,608.0718994140625
2004-08-19,604.8901367187499
2004-08-20,601.6143188476561
2004-08-21,603.7010498046875
2004-08-22,600.4739379882814
2004-08-23,597.1826171875
2004-08-24,594.0310668945314
2004-08-25,593.0223388671875
2004-08-26,590.0066528320312
2004-08-27,586.8859863281249
2004-08-28,583.6669311523439
2004-08-29,580.3616333007812
2004-08-30,585.3164672851562
2004-08-31,592.5970458984375
2004-09-01,589.3635864257812
2004-09-02,610.7712402343751
2004-09-03,607.7009887695312
2004-09-04,604.8201293945314
2004-09-05,601.8884887695312
2004-09-06,598.8128662109375
2004-09-07,689.9173583984375
2004-09-08,720.7317504882812
2004-09-09,718.4493408203125
2004-09-10,714.3767700195312
2004-09-11,710.4405517578125
2004-09-12,706.68115234375
2004-09-13,703.1332397460939
2004-09-14,699.9886474609375
2004-09-15,696.7933349609375
2004-09-16,707.4395751953125
2004-09-17,769.8712768554686
2004-09-18,759.6240234375
2004-09-19,751.1811523437501
2004-09-20,744.9997558593751
2004-09-21,739.9894409179686
2004-09-22,735.408203125
2004-09-23,731.0503540039064
2004-09-24,726.7640380859374
2004-09-25,722.7021484375
2004-09-26,718.9306030273438
2004-09-27,740.0032958984374
2004-09-28,831.8948364257811
2004-09-29,760.1484375
2004-09-30,751.6287231445311
2004-10-01,745.0342407226561
2004-10-02,739.3555908203125
2004-10-03,734.302001953125
2004-10-04,730.0791015625
2004-10-05,726.2669067382812
2004-10-06,722.7194824218751
2004-10-07,719.4878540039064
2004-10-08,716.6344604492188
2004-10-09,713.8578491210938
2004-10-10,710.8724365234376
2004-10-11,709.90625
2004-10-12,706.8043212890625
2004-10-13,710.03076171875
2004-10-14,707.5795288085939
2004-10-15,709.1074218750001
2004-10-16,707.1629638671874
2004-10-17,704.9864501953125
2004-10-18,702.4431762695312
2004-10-19,699.8574218750001
2004-10-20,738.5412597656249
2004-10-21,734.3278808593751
2004-10-22,730.5504150390625
2004-10-23,727.2288818359374
2004-10-24,724.1256103515625
2004-10-25,721.0909423828124
2004-10-26,718.1282958984375
2004-10-27,715.3432006835938
2004-10-28,712.4083862304689
2004-10-29,709.5899047851562
2004-10-30,706.7940673828125
2004-10-31,703.920166015625
2004-11-01,701.1826782226564
2004-11-02,703.5067138671874
2004-11-03,702.655029296875
2004-11-04,699.8440551757812
2004-11-05,715.8865356445312
2004-11-06,713.8974609375001
2004-11-07,711.8927612304689
2004-11-08,709.742431640625
2004-11-09,707.6862182617189
2004-11-10,706.09423828125
2004-11-11,704.51953125
2004-11-12,710.61181640625
2004-11-13,732.6040039062499
2004-11-14,729.8214111328125
2004-11-15,727.5408935546875
2004-11-16,725.3684692382812
2004-11-17,723.2061157226561
2004-11-18,720.8936767578124
2004-11-19,718.5859375
2004-11-20,718.4223632812501
2004-11-21,717.8536987304689
2004-11-22,720.6300048828124
2004-11-23,733.2799072265626
2004-11-24,762.3951416015626
2004-11-25,778.0729370117186
2004-11-26,762.9932250976562
2004-11-27,755.3461303710938
2004-11-28,756.8368530273435
2004-11-29,750.7881469726561
2004-11-30,745.9819946289061
2004-12-01,747.0294189453126
2004-12-02,743.0543212890625
2004-12-03,739.55859375
2004-12-04,736.4299926757811
2004-12-05,733.5785522460939
2004-12-06,737.598876953125
2004-12-07,734.1787719726561
2004-12-08,732.7634887695311
2004-12-09,729.674072265625
2004-12-10,735.1041870117186
2004-12-11,733.1920776367188
2004-12-12,730.7831420898438
2004-12-13,728.3980712890625
2004-12-14,726.305419921875
2004-12-15,724.6350097656249
2004-12-16,723.0095825195314
2004-12-17,721.3684082031249
2004-12-18,719.6488037109375
2004-12-19,718.0020751953125
2004-12-20,716.6257324218751
2004-12-21,715.432373046875
2004-12-22,714.0067138671874
2004-12-23,731.1853637695311
2004-12-24,728.8493041992186
2004-12-25,726.9656372070312
2004-12-26,725.3868408203125
2004-12-27,723.5317993164062
2004-12-28,721.8655395507812
2004-12-29,720.227294921875
2004-12-30,718.4667358398438
2004-12-31,716.8751220703125
2005-01-01,714.9511108398438
2005-01-02,712.9370727539062
2005-01-03,710.9170532226562
2005-01-04,708.9155883789064
2005-01-05,706.90234375
2005-01-06,704.9211425781249
2005-01-07,706.2767333984375
2005-01-08,704.396728515625
2005-01-09,702.7351684570312
2005-01-10,701.1781005859375
2005-01-11,699.5311279296875
2005-01-12,697.774169921875
2005-01-13,695.9625244140625
2005-01-14,740.5322265625
2005-01-15,737.3407592773438
2005-01-16,734.5491943359374
2005-01-17,732.0874023437501
2005-01-18,730.0654296875
2005-01-19,728.1956787109375
2005-01-20,726.3173217773436
2005-01-21,724.2263793945312
2005-01-22,722.0140380859374
2005-01-23,720.4000854492189
2005-01-24,719.1212768554689
2005-01-25,717.7041625976561
2005-01-26,715.9502563476561
2005-01-27,714.00341796875
2005-01-28,712.4713134765624
2005-01-29,728.9478759765626
2005-01-30,727.3544311523436
2005-01-31,725.47314453125
2005-02-01,723.5612182617189
2005-02-02,721.721008300781
2005-02-03,754.9163818359374
2005-02-04,749.6116943359374
2005-02-05,745.1275024414062
2005-02-06,741.263427734375
2005-02-07,737.771728515625
2005-02-08,734.4579467773438
2005-02-09,742.3585205078125
2005-02-10,759.1159057617188
2005-02-11,752.7384033203124
2005-02-12,747.7703857421875
2005-02-13,743.4076538085939
2005-02-14,739.4523315429685
2005-02-15,740.3392333984374
2005-02-16,736.611572265625
2005-02-17,733.28662109375
2005-02-18,730.7453613281249
2005-02-19,728.3753662109375
2005-02-20,726.0667724609374
2005-02-21,739.7612915039062
2005-02-22,747.2377929687501
2005-02-23,742.2549438476562
2005-02-24,756.0775146484375
2005-02-25,749.9438476562499
2005-02-26,745.2666015625
2005-02-27,741.2988891601561
2005-02-28,755.7730102539061
2005-03-01,750.0726928710938
2005-03-02,745.7099609375001
2005-03-03,741.9334106445312
2005-03-04,738.5411376953125
2005-03-05,735.2612304687501
2005-03-06,732.2192993164062
2005-03-07,729.413330078125
2005-03-08,745.6729736328125
2005-03-09,741.8649291992186
2005-03-10,738.51171875
2005-03-11,735.3019409179686
2005-03-12,732.1904907226561
2005-03-13,728.7141723632812
2005-03-14,729.9767456054686
2005-03-15,727.184814453125
2005-03-16,736.2725830078125
2005-03-17,745.7645874023436
2005-03-18,742.0155639648436
2005-03-19,738.4603881835938
2005-03-20,735.074462890625
2005-03-21,731.6571044921875
2005-03-22,732.9220581054688
2005-03-23,751.3665771484375
2005-03-24,745.6514892578125
2005-03-25,740.8087158203125
2005-03-26,736.2363281249999
2005-03-27,771.1626586914062
2005-03-28,803.8660278320312
2005-03-29,764.5985107421875
2005-03-30,755.0662231445311
2005-03-31,760.6888427734374
2005-04-01,781.752197265625
2005-04-02,780.7176513671875
2005-04-03,762.9966430664062
2005-04-04,754.3539428710938
2005-04-05,747.7897338867188
2005-04-06,742.1729736328125
2005-04-07,750.0778198242188
2005-04-08,759.8712768554686
2005-04-09,755.6702880859374
2005-04-10,748.8173217773436
2005-04-11,743.0393066406249
2005-04-12,737.9339599609375
2005-04-13,741.3406372070312
2005-04-14,745.2220458984374
2005-04-15,740.6653442382812
2005-04-16,736.513427734375
2005-04-17,732.9406127929688
2005-04-18,729.4014892578125
2005-04-19,725.6556396484375
2005-04-20,722.0165405273436
2005-04-21,718.5380859375001
2005-04-22,715.0593872070312
2005-04-23,732.1548461914061
2005-04-24,729.1446533203124
2005-04-25,726.472412109375
2005-04-26,723.7205200195312
2005-04-27,732.6127929687501
2005-04-28,729.1797485351562
2005-04-29,725.7653198242188
2005-04-30,721.9921875
2005-05-01,744.4089965820312
2005-05-02,739.6087036132812
2005-05-03,735.4093017578125
2005-05-04,731.6539306640626
2005-05-05,727.9318847656249
2005-05-06,724.6541137695311
2005-05-07,721.2568969726561
2005-05-08,717.7716674804686
2005-05-09,714.1119995117189
2005-05-10,710.418212890625
2005-05-11,706.8713989257812
2005-05-12,703.3959350585938
2005-05-13,699.7608642578125
2005-05-14,696.10009765625
2005-05-15,692.6923828125
2005-05-16,689.7459106445312
2005-05-17,686.8140258789064
2005-05-18,683.6270141601562
2005-05-19,680.3676147460938
2005-05-20,676.8735961914062
2005-05-21,694.8962402343751
2005-05-22,691.8377685546875
2005-05-23,688.4847412109375
2005-05-24,684.9276733398436
2005-05-25,682.1261596679689
2005-05-26,679.569580078125
2005-05-27,676.6464843750001
2005-05-28,673.3975219726562
2005-05-29,670.1728515625
2005-05-30,681.867919921875
2005-05-31,688.3263549804688
2005-06-01,704.0361938476562
2005-06-02,756.4072875976561
2005-06-03,757.6577148437502
2005-06-04,750.9896240234374
2005-06-05,748.4390258789062
2005-06-06,740.9689331054686
2005-06-07,734.533508300781
2005-06-08,740.2084960937501
2005-06-09,738.7860107421875
2005-06-10,732.5221557617188
2005-06-11,728.4673461914061
2005-06-12,737.9838867187501
2005-06-13,749.2698364257811
2005-06-14,741.1217651367188
2005-06-15,734.0209960937501
2005-06-16,727.9234008789062
2005-06-17,722.6114501953125
2005-06-18,717.8215942382812
2005-06-19,713.4009399414064
2005-06-20,709.4000244140625
2005-06-21,705.4703369140624
2005-06-22,710.8795166015625
2005-06-23,706.4785766601564
2005-06-24,701.990478515625
2005-06-25,697.674560546875
2005-06-26,694.0001831054689
2005-06-27,695.9136962890625
2005-06-28,691.4598388671875
2005-06-29,698.5802612304689
2005-06-30,694.2161865234376
2005-07-01,689.8345336914064
2005-07-02,689.3143310546874
2005-07-03,684.7172241210938
2005-07-04,697.2113647460938
2005-07-05,692.7069702148438
2005-07-06,702.9660034179688
2005-07-07,736.5567626953125
2005-07-08,732.8016357421875
2005-07-09,726.9338989257811
2005-07-10,734.1439819335938
2005-07-11,793.189697265625
2005-07-12,762.024169921875
2005-07-13,751.0303955078125
2005-07-14,743.1815795898438
2005-07-15,748.6964111328125
2005-07-16,748.4108886718751
2005-07-17,744.836669921875
2005-07-18,737.2200317382811
2005-07-19,744.2643432617188
2005-07-20,747.0437622070312
2005-07-21,739.0983886718751
2005-07-22,732.1844482421875
2005-07-23,725.8365478515625
2005-07-24,719.9686889648438
2005-07-25,714.36572265625
2005-07-26,708.7456054687499
2005-07-27,703.159912109375
2005-07-28,697.9433593750001
2005-07-29,693.1004028320312
2005-07-30,703.9219360351561
2005-07-31,712.5986938476562
2005-08-01,714.4478759765625
2005-08-02,718.4453735351562
2005-08-03,713.6412353515625
2005-08-04,708.8570556640625
2005-08-05,707.5429077148438
2005-08-06,703.1184082031249
2005-08-07,706.4988403320311
2005-08-08,735.9605102539061
2005-08-09,758.4613647460938
2005-08-10,755.3088989257811
2005-08-11,764.00537109375
2005-08-12,752.5123291015627
2005-08-13,744.0390014648436
2005-08-14,736.9783325195314
2005-08-15,730.6732788085939
2005-08-16,724.7860107421875
2005-08-17,719.32666015625
2005-08-18,716.3677368164064
2005-08-19,715.9889526367189
2005-08-20,710.8582763671875
2005-08-21,705.6728515625
2005-08-22,700.7184448242188
2005-08-23,714.032470703125
2005-08-24,724.3984375
2005-08-25,719.4106445312501
2005-08-26,715.048095703125
2005-08-27,710.8577270507812
2005-08-28,706.6320190429688
2005-08-29,709.59716796875
2005-08-30,747.5014648437502
2005-08-31,740.2646484375
2005-09-01,734.3370971679686
2005-09-02,729.0617675781249
2005-09-03,724.1351928710938
2005-09-04,719.5352172851562
2005-09-05,715.3547973632812
2005-09-06,711.6506958007814
2005-09-07,708.0457763671875
2005-09-08,704.4373168945314
2005-09-09,700.9551391601562
2005-09-10,697.5797729492189
2005-09-11,694.2257080078125
2005-09-12,691.011962890625
2005-09-13,687.7324218750001
2005-09-14,684.3107299804688
2005-09-15,680.7526245117189
2005-09-16,676.9877319335938
2005-09-17,673.3444824218751
2005-09-18,669.7904663085938
2005-09-19,666.4521484375
2005-09-20,663.0646362304689
2005-09-21,659.5982055664062
2005-09-22,656.2300415039062
2005-09-23,652.9970703125
2005-09-24,649.7767333984375
2005-09-25,646.5520629882814
2005-09-26,643.4540405273438
2005-09-27,640.4343261718751
2005-09-28,637.3656616210938
2005-09-29,634.4222412109375
2005-09-30,631.6759643554688
2005-10-01,629.0330200195312
2005-10-02,626.2791748046875
2005-10-03,623.6408691406249
2005-10-04,620.9281616210938
2005-10-05,618.162353515625
2005-10-06,640.68408203125
2005-10-07,661.5386962890625
2005-10-08,689.829833984375
2005-10-09,687.1936645507814
2005-10-10,684.6351928710938
2005-10-11,682.0291137695312
2005-10-12,679.3738403320311
2005-10-13,676.9508666992189
2005-10-14,674.619873046875
2005-10-15,672.3057861328126
2005-10-16,670.1094360351561
2005-10-17,668.232177734375
2005-10-18,666.3412475585938
2005-10-19,664.2087402343751
2005-10-20,661.8294677734375
2005-10-21,659.4226074218751
2005-10-22,657.148681640625
2005-10-23,655.6123046875001
2005-10-24,654.1497192382812
2005-10-25,652.9494018554688
2005-10-26,651.8748779296875
2005-10-27,650.7261962890625
2005-10-28,649.5377807617188
2005-10-29,648.3340454101564
2005-10-30,647.1332397460939
2005-10-31,645.8397216796876
2005-11-01,644.3928833007812
2005-11-02,642.7180175781249
2005-11-03,641.3160400390625
2005-11-04,639.8301391601562
2005-11-05,638.1847534179688
2005-11-06,636.4232788085939
2005-11-07,634.5642089843751
2005-11-08,632.7413330078125
2005-11-09,630.8551025390625
2005-11-10,628.9797973632812
2005-11-11,627.8192749023438
2005-11-12,626.7253417968751
2005-11-13,625.419677734375
2005-11-14,623.7921752929689
2005-11-15,621.9161987304689
2005-11-16,621.1826171875
2005-11-17,620.147705078125
2005-11-18,619.3895874023439
2005-11-19,618.6134643554688
2005-11-20,617.6934204101562
2005-11-21,639.178466796875
2005-11-22,657.440185546875
2005-11-23,656.5638427734375
2005-11-24,655.5443725585939
2005-11-25,654.2955322265625
2005-11-26,653.2915039062499
2005-11-27,652.204345703125
2005-11-28,652.1969604492188
2005-11-29,673.5858764648438
2005-11-30,672.4169921875
2005-12-01,671.4512939453125
2005-12-02,670.4896850585938
2005-12-03,669.6600341796875
2005-12-04,675.4478149414064
2005-12-05,693.9346313476561
2005-12-06,700.5212402343751
2005-12-07,699.4295654296875
2005-12-08,698.3049926757812
2005-12-09,708.2143554687499
2005-12-10,707.0361938476562
2005-12-11,705.7844238281249
2005-12-12,704.5092163085938
2005-12-13,703.2265014648438
2005-12-14,702.0570068359375
2005-12-15,710.957275390625
2005-12-16,725.9124755859374
2005-12-17,724.0661010742188
2005-12-18,727.6551513671875
2005-12-19,725.6417846679686
2005-12-20,723.7700195312499
2005-12-21,722.0714111328125
2005-12-22,720.49365234375
2005-12-23,718.9267578125
2005-12-24,717.3662719726562
2005-12-25,725.4852905273436
2005-12-26,723.3908691406249
2005-12-27,721.5993041992186
2005-12-28,719.6658325195314
2005-12-29,726.9021606445312
2005-12-30,724.8591308593751
2005-12-31,722.8031005859374
2006-01-01,720.7850952148438
2006-01-02,736.0075073242188
2006-01-03,747.6051635742188
2006-01-04,743.3636474609375
2006-01-05,739.5839843750001
2006-01-06,736.3158569335938
2006-01-07,733.7767333984374
2006-01-08,731.3479003906251
2006-01-09,728.7492675781249
2006-01-10,725.9533691406249
2006-01-11,724.9180297851561
2006-01-12,722.4221191406249
2006-01-13,720.0552978515625
2006-01-14,727.6355590820312
2006-01-15,725.6900024414062
2006-01-16,723.5720825195314
2006-01-17,723.3847656249999
2006-01-18,739.5724487304685
2006-01-19,736.5768432617188
2006-01-20,733.6931152343751
2006-01-21,732.2449340820312
2006-01-22,732.6033325195314
2006-01-23,732.3865966796876
2006-01-24,742.6367797851561
2006-01-25,738.957275390625
2006-01-26,735.9467163085938
2006-01-27,733.2052001953125
2006-01-28,730.636474609375
2006-01-29,733.0536499023436
2006-01-30,733.8345336914062
2006-01-31,732.96630859375
2006-02-01,730.486083984375
2006-02-02,728.0853271484375
2006-02-03,734.3228149414062
2006-02-04,733.67919921875
2006-02-05,731.1827392578125
2006-02-06,731.8884887695311
2006-02-07,749.45556640625
2006-02-08,745.1461181640626
2006-02-09,741.477783203125
2006-02-10,738.3569946289061
2006-02-11,744.3658447265626
2006-02-12,740.9067382812499
2006-02-13,737.9141235351562
2006-02-14,735.2601318359374
2006-02-15,732.5194702148436
2006-02-16,729.7246704101561
2006-02-17,726.7980346679686
2006-02-18,724.2061157226561
2006-02-19,724.324462890625
2006-02-20,722.7369384765625
2006-02-21,724.8685913085938
2006-02-22,722.3925170898438
2006-02-23,743.6998291015627
2006-02-24,739.8023681640626
2006-02-25,736.2038574218751
2006-02-26,768.2498168945311
2006-02-27,758.5590820312499
2006-02-28,752.0515747070311
2006-03-01,746.4032592773438
2006-03-02,741.4363403320311
2006-03-03,737.3939208984373
2006-03-04,734.2705078125
2006-03-05,731.3701782226561
2006-03-06,729.4348754882814
2006-03-07,726.6207275390626
2006-03-08,724.1766357421875
2006-03-09,721.6787109375001
2006-03-10,727.1701049804686
2006-03-11,723.8323364257811
2006-03-12,720.2107543945314
2006-03-13,716.7764892578125
2006-03-14,724.5758056640626
2006-03-15,722.168212890625
2006-03-16,719.8472900390625
2006-03-17,717.3651733398436
2006-03-18,715.0068359375001
2006-03-19,712.9953613281249
2006-03-20,716.5148315429689
2006-03-21,756.0983886718751
2006-03-22,749.8458862304686
2006-03-23,744.9379882812499
2006-03-24,740.9092407226561
2006-03-25,737.5115966796876
2006-03-26,734.4962768554686
2006-03-27,731.642822265625
2006-03-28,728.7907104492186
2006-03-29,725.8735961914061
2006-03-30,722.7060546875001
2006-03-31,719.5126953124999
2006-04-01,716.0339965820312
2006-04-02,712.6083984375
2006-04-03,709.1416625976561
2006-04-04,706.4063110351562
2006-04-05,704.1454467773438
2006-04-06,701.8132324218751
2006-04-07,699.1093139648439
2006-04-08,704.3369750976562
2006-04-09,713.2872924804688
2006-04-10,711.017333984375
2006-04-11,708.6816406249999
2006-04-12,706.20068359375
2006-04-13,703.5050659179688
2006-04-14,700.4981079101562
2006-04-15,697.0607910156249
2006-04-16,693.572998046875
2006-04-17,690.1194458007814
2006-04-18,686.7356567382812
2006-04-19,683.7925415039062
2006-04-20,681.064453125
2006-04-21,686.7736206054688
2006-04-22,693.5975952148438
2006-04-23,690.8914184570312
2006-04-24,687.8117065429689
2006-04-25,684.5596923828124
2006-04-26,681.3496093750001
2006-04-27,687.8829345703125
2006-04-28,685.4986572265625
2006-04-29,683.0377807617188
2006-04-30,680.720703125
2006-05-01,679.4115600585938
2006-05-02,677.052001953125
2006-05-03,674.3688354492189
2006-05-04,671.1201171875
2006-05-05,667.8906860351561
2006-05-06,673.3642578125
2006-05-07,677.1288452148438
2006-05-08,688.8421630859376
2006-05-09,686.4475097656249
2006-05-10,683.8146362304689
2006-05-11,696.27880859375
2006-05-12,693.7786865234376
2006-05-13,691.3201904296876
2006-05-14,692.7075805664062
2006-05-15,690.4728393554688
2006-05-16,688.0819091796875
2006-05-17,685.7300415039062
2006-05-18,683.1396484375
2006-05-19,680.317626953125
2006-05-20,677.1288452148438
2006-05-21,673.1921997070314
2006-05-22,669.3790893554688
2006-05-23,665.8195190429688
2006-05-24,662.3748779296875
2006-05-25,658.7691040039064
2006-05-26,654.8743286132812
2006-05-27,650.7633666992189
2006-05-28,646.6156005859375
2006-05-29,642.6834106445312
2006-05-30,638.8516845703125
2006-05-31,635.0414428710938
2006-06-01,631.3057250976562
2006-06-02,627.5902709960938
2006-06-03,642.2023315429689
2006-06-04,639.0651245117189
2006-06-05,638.2342529296875
2006-06-06,635.418212890625
2006-06-07,632.5062255859375
2006-06-08,629.2855224609374
2006-06-09,625.8427734375
2006-06-10,622.2293090820312
2006-06-11,618.1787109375001
2006-06-12,613.9337768554689
2006-06-13,610.1322631835936
2006-06-14,607.4837646484375
2006-06-15,604.0482788085939
2006-06-16,600.639404296875
2006-06-17,597.3621215820312
2006-06-18,594.0761718750001
2006-06-19,590.7489624023439
2006-06-20,587.0701904296876
2006-06-21,583.1224975585938
2006-06-22,578.987548828125
2006-06-23,574.8753051757812
2006-06-24,586.8202514648438
2006-06-25,583.1661376953125
2006-06-26,579.5921020507812
2006-06-27,597.0534057617188
2006-06-28,593.5544433593751
2006-06-29,590.1072998046875
2006-06-30,586.6543579101562
2006-07-01,582.9645996093749
2006-07-02,579.1618652343751
2006-07-03,575.2030029296875
2006-07-04,571.2030029296875
2006-07-05,567.3059082031249
2006-07-06,563.6072387695312
2006-07-07,569.9434204101562
2006-07-08,567.0401000976562
2006-07-09,564.1043090820314
2006-07-10,560.9326782226564
2006-07-11,557.5154418945312
2006-07-12,553.8613891601562
2006-07-13,550.04541015625
2006-07-14,546.2360229492189
2006-07-15,542.262939453125
2006-07-16,538.3230590820314
2006-07-17,534.4879150390624
2006-07-18,530.7672119140624
2006-07-19,527.0339965820312
2006-07-20,523.26904296875
2006-07-21,519.6994018554688
2006-07-22,516.8836059570314
2006-07-23,527.7581176757812
2006-07-24,524.6152954101562
2006-07-25,531.2133178710938
2006-07-26,527.9154052734375
2006-07-27,524.444580078125
2006-07-28,520.88232421875
2006-07-29,527.1229858398438
2006-07-30,534.5763549804689
2006-07-31,531.3540039062499
2006-08-01,527.8158569335938
2006-08-02,531.2271118164064
2006-08-03,527.5625610351562
2006-08-04,523.7969970703125
2006-08-05,534.6316528320314
2006-08-06,544.7867431640625
2006-08-07,541.3336181640624
2006-08-08,537.6472778320314
2006-08-09,545.498779296875
2006-08-10,541.8212890624999
2006-08-11,539.3917846679688
2006-08-12,536.151123046875
2006-08-13,533.4605712890625
2006-08-14,530.6371459960938
2006-08-15,527.6198120117188
2006-08-16,532.4326171875
2006-08-17,539.2330322265625
2006-08-18,536.3401489257812
2006-08-19,533.4221801757812
2006-08-20,530.3442993164064
2006-08-21,527.1234741210938
2006-08-22,523.87158203125
2006-08-23,533.0780639648439
2006-08-24,536.693603515625
2006-08-25,543.0198364257812
2006-08-26,540.0223388671875
2006-08-27,537.0147094726562
2006-08-28,533.9853515625
2006-08-29,531.994873046875
2006-08-30,536.0022583007814
2006-08-31,551.7736206054688
2006-09-01,554.2520141601562
2006-09-02,551.449951171875
2006-09-03,548.8370971679688
2006-09-04,545.91552734375
2006-09-05,542.9637451171875
2006-09-06,545.2908935546875
2006-09-07,542.6686401367188
2006-09-08,543.8327026367188
2006-09-09,541.4500732421876
2006-09-10,538.9400024414064
2006-09-11,536.4407348632812
2006-09-12,534.04931640625
2006-09-13,546.0732421875
2006-09-14,567.2211303710938
2006-09-15,565.015625
2006-09-16,562.73046875
2006-09-17,560.37548828125
2006-09-18,557.8544921875
2006-09-19,565.4209594726562
2006-09-20,563.4083251953125
2006-09-21,561.6144409179688
2006-09-22,559.6876831054689
2006-09-23,557.2343139648439
2006-09-24,554.5108642578125
2006-09-25,565.5203857421875
2006-09-26,563.5764770507812
2006-09-27,561.6495361328125
2006-09-28,559.7160034179688
2006-09-29,557.9102783203124
2006-09-30,556.3525390624999
2006-10-01,554.6723022460938
2006-10-02,552.5565795898438
2006-10-03,550.42919921875
2006-10-04,548.3093872070312
2006-10-05,546.1929321289064
2006-10-06,543.9816284179688
2006-10-07,542.2444458007814
2006-10-08,540.7459716796876
2006-10-09,539.0806884765625
2006-10-10,537.2885131835936
2006-10-11,535.3802490234375
2006-10-12,539.0693969726562
2006-10-13,537.5509033203124
2006-10-14,536.4762573242188
2006-10-15,535.3029174804688
2006-10-16,534.1354370117188
2006-10-17,537.9993896484375
2006-10-18,546.5953979492189
2006-10-19,544.6672363281249
2006-10-20,545.7374877929688
2006-10-21,544.606689453125
2006-10-22,547.16748046875
2006-10-23,551.1661376953125
2006-10-24,550.3688354492189
2006-10-25,549.5532836914064
2006-10-26,548.6713256835938
2006-10-27,556.6024780273438
2006-10-28,592.6946411132814
2006-10-29,591.5306396484375
2006-10-30,590.2461547851562
2006-10-31,588.8580932617188
2006-11-01,587.3920288085939
2006-11-02,585.8897094726562
2006-11-03,584.8705444335938
2006-11-04,584.081298828125
2006-11-05,583.24755859375
2006-11-06,582.2684936523439
2006-11-07,586.1255493164062
2006-11-08,600.7421875
2006-11-09,599.5380249023438
2006-11-10,598.0220336914064
2006-11-11,596.4479370117188
2006-11-12,595.1835327148438
2006-11-13,594.2153930664062
2006-11-14,593.173095703125
2006-11-15,599.9812622070312
2006-11-16,648.6116943359375
2006-11-17,647.5650024414064
2006-11-18,646.6068115234376
2006-11-19,645.5829467773438
2006-11-20,644.6428833007812
2006-11-21,643.7844238281249
2006-11-22,646.2562255859375
2006-11-23,645.1765136718751
2006-11-24,643.9722900390625
2006-11-25,642.7578735351562
2006-11-26,641.6005249023438
2006-11-27,640.4277954101564
2006-11-28,639.1573486328125
2006-11-29,637.5462036132812
2006-11-30,639.074951171875
2006-12-01,641.9464111328125
2006-12-02,640.8467407226562
2006-12-03,639.8820190429688
2006-12-04,639.0347290039062
2006-12-05,638.3235473632812
2006-12-06,637.4955444335938
2006-12-07,636.5946044921875
2006-12-08,635.9668579101562
2006-12-09,635.4511108398438
2006-12-10,634.7943725585939
2006-12-11,633.9848632812501
2006-12-12,632.9345703125
2006-12-13,631.7708740234375
2006-12-14,630.5848388671875
2006-12-15,629.434814453125
2006-12-16,628.2197875976561
2006-12-17,626.9677734375
2006-12-18,625.73095703125
2006-12-19,624.4178466796876
2006-12-20,623.0878295898438
2006-12-21,621.960205078125
2006-12-22,635.5758666992189
2006-12-23,648.5641479492189
2006-12-24,647.3773193359375
2006-12-25,692.6163940429689
2006-12-26,699.0404663085938
2006-12-27,697.9577636718751
2006-12-28,696.852294921875
2006-12-29,695.6307373046875
2006-12-30,694.5072021484375
2006-12-31,702.858154296875
2007-01-01,719.1491088867189
2007-01-02,721.9176635742188
2007-01-03,720.1002197265624
2007-01-04,718.265625
2007-01-05,720.1107177734375
2007-01-06,734.9068603515625
2007-01-07,736.3284912109375
2007-01-08,757.8454589843751
2007-01-09,751.7000122070312
2007-01-10,746.9512329101561
2007-01-11,743.0946655273436
2007-01-12,739.6162109375001
2007-01-13,736.1035766601562
2007-01-14,732.7890014648436
2007-01-15,729.5031738281249
2007-01-16,729.4669189453126
2007-01-17,727.3117065429686
2007-01-18,729.5392456054686
2007-01-19,728.8142089843751
2007-01-20,726.6123657226561
2007-01-21,724.5137329101561
2007-01-22,747.10107421875
2007-01-23,749.5260620117186
2007-01-24,745.2135620117186
2007-01-25,741.4877319335938
2007-01-26,738.3282470703125
2007-01-27,735.4368286132812
2007-01-28,738.4378662109375
2007-01-29,735.7459716796876
2007-01-30,733.3619384765625
2007-01-31,731.0223999023436
2007-02-01,745.6520996093749
2007-02-02,765.1549682617189
2007-02-03,756.9000854492186
2007-02-04,751.1997070312499
2007-02-05,746.6021118164062
2007-02-06,742.8749389648436
2007-02-07,739.5252075195312
2007-02-08,736.1065063476561
2007-02-09,733.2297973632812
2007-02-10,732.3594970703125
2007-02-11,730.0658569335938
2007-02-12,727.7534790039062
2007-02-13,725.2647705078125
2007-02-14,740.9898681640626
2007-02-15,737.9916381835938
2007-02-16,735.2888793945312
2007-02-17,732.9151611328125
2007-02-18,730.6563110351562
2007-02-19,728.5245971679686
2007-02-20,726.3247070312499
2007-02-21,725.3078002929686
2007-02-22,733.3749389648436
2007-02-23,730.1513061523436
2007-02-24,727.5269775390626
2007-02-25,729.511962890625
2007-02-26,733.9608764648436
2007-02-27,730.9288330078125
2007-02-28,728.0410156249999
2007-03-01,725.2954711914061
2007-03-02,787.69189453125
2007-03-03,763.3167114257811
2007-03-04,755.2219238281249
2007-03-05,749.5357666015626
2007-03-06,744.7889404296876
2007-03-07,740.5657958984374
2007-03-08,736.6926879882814
2007-03-09,733.0930175781249
2007-03-10,729.8353271484375
2007-03-11,726.709228515625
2007-03-12,723.6184692382812
2007-03-13,720.683837890625
2007-03-14,717.6455688476561
2007-03-15,714.5949096679689
2007-03-16,719.2371826171875
2007-03-17,717.0660400390625
2007-03-18,715.2471313476561
2007-03-19,713.2771606445312
2007-03-20,711.0545654296875
2007-03-21,708.497802734375
2007-03-22,705.9487915039062
2007-03-23,703.419677734375
2007-03-24,700.7008056640625
2007-03-25,697.8212890624999
2007-03-26,694.8748168945314
2007-03-27,692.0701904296876
2007-03-28,689.3046875
2007-03-29,686.4982299804688
2007-03-30,684.1356201171876
2007-03-31,682.0077514648438
2007-04-01,679.5427856445312
2007-04-02,682.97119140625
2007-04-03,680.3367309570314
2007-04-04,680.9294433593751
2007-04-05,678.8833618164062
2007-04-06,677.4491577148438
2007-04-07,676.1846923828124
2007-04-08,675.1831665039062
2007-04-09,674.0213623046875
2007-04-10,672.7337036132812
2007-04-11,671.2767333984375
2007-04-12,674.7728881835938
2007-04-13,672.7659912109375
2007-04-14,670.683837890625
2007-04-15,705.8176879882814
2007-04-16,704.0186157226562
2007-04-17,701.793212890625
2007-04-18,699.301025390625
2007-04-19,697.0903930664062
2007-04-20,694.7727661132812
2007-04-21,692.6803588867189
2007-04-22,690.4090576171876
2007-04-23,688.0002441406249
2007-04-24,685.444580078125
2007-04-25,682.5944824218751
2007-04-26,679.7201538085939
2007-04-27,676.7406005859375
2007-04-28,674.1596069335938
2007-04-29,671.6072387695312
2007-04-30,668.9183959960936
2007-05-01,666.1141357421875
2007-05-02,663.0895385742188
2007-05-03,659.9342041015625
2007-05-04,656.8612060546875
2007-05-05,654.267333984375
2007-05-06,651.8678588867189
2007-05-07,649.6972045898436
2007-05-08,647.6668701171876
2007-05-09,645.2852783203124
2007-05-10,642.4069213867189
2007-05-11,639.3311157226562
2007-05-12,636.0181274414064
2007-05-13,644.1088867187499
2007-05-14,640.8322143554688
2007-05-15,638.3314208984375
2007-05-16,635.6665649414064
2007-05-17,632.9968872070312
2007-05-18,630.5281372070312
2007-05-19,628.3414916992189
2007-05-20,626.2182006835938
2007-05-21,623.7440185546875
2007-05-22,621.0201416015625
2007-05-23,618.1752319335938
2007-05-24,615.3563232421876
2007-05-25,612.6365356445312
2007-05-26,609.8685302734376
2007-05-27,607.0203247070312
2007-05-28,604.1445922851562
2007-05-29,601.345703125
2007-05-30,598.41357421875
2007-05-31,595.3707275390626
2007-06-01,592.1920776367188
2007-06-02,589.1365356445312
2007-06-03,614.965087890625
2007-06-04,611.631103515625
2007-06-05,608.1117553710939
2007-06-06,614.085205078125
2007-06-07,610.4812622070312
2007-06-08,606.6109008789064
2007-06-09,608.4645385742188
2007-06-10,604.6574096679689
2007-06-11,600.8170776367188
2007-06-12,606.3770141601562
2007-06-13,608.483154296875
2007-06-14,605.5244140624999
2007-06-15,602.4878540039064
2007-06-16,599.5682983398436
2007-06-17,596.2022705078125
2007-06-18,592.3486328125
2007-06-19,588.5138549804688
2007-06-20,594.1156616210938
2007-06-21,590.7675170898438
2007-06-22,587.5947265625
2007-06-23,584.1556396484375
2007-06-24,580.4365844726562
2007-06-25,576.5818481445314
2007-06-26,589.2032470703125
2007-06-27,585.4539184570312
2007-06-28,581.6567993164062
2007-06-29,577.8436279296875
2007-06-30,599.3288574218751
2007-07-01,598.7908935546875
2007-07-02,615.2168579101562
2007-07-03,615.0879516601564
2007-07-04,611.9628906249999
2007-07-05,608.7109375
2007-07-06,605.2963867187499
2007-07-07,606.7493896484375
2007-07-08,607.730224609375
2007-07-09,604.2638549804688
2007-07-10,606.5155029296875
2007-07-11,602.66943359375
2007-07-12,616.1788330078125
2007-07-13,612.6742553710939
2007-07-14,609.2620849609375
2007-07-15,624.7514038085939
2007-07-16,621.2374267578124
2007-07-17,617.4525146484375
2007-07-18,613.5972900390625
2007-07-19,609.7860107421875
2007-07-20,613.7935791015625
2007-07-21,615.8713989257812
2007-07-22,612.53076171875
2007-07-23,609.5834350585938
2007-07-24,606.4050903320311
2007-07-25,603.0834350585938
2007-07-26,599.6671752929689
2007-07-27,596.1681518554688
2007-07-28,592.5051879882814
2007-07-29,610.7621459960936
2007-07-30,622.6611328125
2007-07-31,618.9523925781249
2007-08-01,615.33984375
2007-08-02,611.6744995117189
2007-08-03,608.029052734375
2007-08-04,604.4039306640625
2007-08-05,600.5304565429689
2007-08-06,596.46337890625
2007-08-07,592.3700561523438
2007-08-08,588.1041870117188
2007-08-09,583.6994018554688
2007-08-10,579.2501220703125
2007-08-11,574.7676391601562
2007-08-12,570.6810302734375
2007-08-13,567.1128540039064
2007-08-14,563.3615112304689
2007-08-15,559.7096557617188
2007-08-16,555.912353515625
2007-08-17,551.9852905273438
2007-08-18,548.2330932617188
2007-08-19,544.6858520507812
2007-08-20,541.1642456054688
2007-08-21,537.5352783203124
2007-08-22,533.7301025390625
2007-08-23,530.0259399414064
2007-08-24,526.7044677734375
2007-08-25,523.384765625
2007-08-26,545.4313354492189
2007-08-27,542.2255859375001
2007-08-28,550.8033447265625
2007-08-29,547.7020874023438
2007-08-30,560.8140258789062
2007-08-31,581.2924804687499
2007-09-01,581.5904541015625
2007-09-02,584.7621459960936
2007-09-03,581.9832763671875
2007-09-04,578.9886474609375
2007-09-05,575.8956909179688
2007-09-06,572.8952636718751
2007-09-07,569.9955444335938
2007-09-08,567.2650146484375
2007-09-09,564.4912109375001
2007-09-10,561.6688842773438
2007-09-11,558.7760009765625
2007-09-12,568.724853515625
2007-09-13,576.7675781249999
2007-09-14,593.0746459960936
2007-09-15,612.3594360351561
2007-09-16,609.7274169921875
2007-09-17,607.3635864257812
2007-09-18,605.1372680664062
2007-09-19,602.9840698242188
2007-09-20,600.7498779296875
2007-09-21,598.2867431640625
2007-09-22,595.6908569335938
2007-09-23,598.05908203125
2007-09-24,595.2091064453125
2007-09-25,592.2789916992189
2007-09-26,589.6686401367189
2007-09-27,587.0839843750001
2007-09-28,588.6519165039062
2007-09-29,586.3052978515625
2007-09-30,584.3897705078125
2007-10-01,582.4963989257812
2007-10-02,580.5058593750001
2007-10-03,578.3961791992188
2007-10-04,584.1795654296875
2007-10-05,585.0133666992189
2007-10-06,582.3865966796876
2007-10-07,579.95556640625
2007-10-08,577.43505859375
2007-10-09,575.0136108398438
2007-10-10,572.6405639648439
2007-10-11,570.7927856445312
2007-10-12,569.4078369140624
2007-10-13,568.0054321289064
2007-10-14,566.5068969726562
2007-10-15,564.8665161132812
2007-10-16,563.1265258789062
2007-10-17,561.1571044921875
2007-10-18,559.0588989257812
2007-10-19,566.3454589843751
2007-10-20,574.2786254882812
2007-10-21,572.7573852539064
2007-10-22,572.0730590820314
2007-10-23,578.0412597656249
2007-10-24,583.0556640624999
2007-10-25,581.8652343750001
2007-10-26,580.5364379882814
2007-10-27,579.0836791992188
2007-10-28,577.7101440429689
2007-10-29,576.4307861328125
2007-10-30,575.4070434570312
2007-10-31,574.2380981445312
2007-11-01,572.752197265625
2007-11-02,571.2561645507814
2007-11-03,570.0758056640625
2007-11-04,568.9410400390624
2007-11-05,567.7941284179688
2007-11-06,566.5004272460938
2007-11-07,565.6563720703125
2007-11-08,564.9182739257812
2007-11-09,564.1373291015625
2007-11-10,563.2252197265625
2007-11-11,562.2823486328124
2007-11-12,561.351806640625
2007-11-13,560.3129272460938
2007-11-14,559.0648193359375
2007-11-15,563.6047363281249
2007-11-16,562.8524169921875
2007-11-17,562.1239013671876
2007-11-18,561.235595703125
2007-11-19,559.9802856445312
2007-11-20,558.7528076171875
2007-11-21,557.50537109375
2007-11-22,556.2323608398438
2007-11-23,562.5342407226562
2007-11-24,561.8111572265625
2007-11-25,561.1203613281249
2007-11-26,566.5324096679689
2007-11-27,584.2527465820312
2007-11-28,583.4251098632812
2007-11-29,582.5368652343751
2007-11-30,581.5380249023438
2007-12-01,580.6238403320311
2007-12-02,579.6206665039062
2007-12-03,581.9976806640625
2007-12-04,581.2183227539062
2007-12-05,580.4369506835938
2007-12-06,579.60791015625
2007-12-07,578.8897094726562
2007-12-08,577.9164428710938
2007-12-09,576.6121826171875
2007-12-10,575.2086791992188
2007-12-11,573.763916015625
2007-12-12,572.3395385742189
2007-12-13,570.8899536132812
2007-12-14,569.4693603515625
2007-12-15,568.3147583007814
2007-12-16,617.8806152343751
2007-12-17,617.262451171875
2007-12-18,616.6553344726562
2007-12-19,616.0181274414064
2007-12-20,615.0849609375001
2007-12-21,621.2516479492189
2007-12-22,620.3484497070314
2007-12-23,621.9064941406249
2007-12-24,621.0693359375001
2007-12-25,620.2842407226562
2007-12-26,629.8389282226564
2007-12-27,628.9468383789064
2007-12-28,636.2362060546875
2007-12-29,646.251953125
2007-12-30,678.2450561523438
2007-12-31,706.4131469726562
2008-01-01,705.0242309570314
2008-01-02,703.97802734375
2008-01-03,703.1571044921875
2008-01-04,702.2911987304689
2008-01-05,701.3065185546875
2008-01-06,700.1126098632812
2008-01-07,698.57958984375
2008-01-08,696.9564819335938
2008-01-09,695.1760864257812
2008-01-10,694.6382446289064
2008-01-11,710.3676147460938
2008-01-12,708.7819824218751
2008-01-13,707.2487182617189
2008-01-14,705.8179321289064
2008-01-15,704.5958251953125
2008-01-16,703.4418945312501
2008-01-17,732.7518310546874
2008-01-18,731.2860107421875
2008-01-19,737.5657958984374
2008-01-20,749.1142578125
2008-01-21,745.2145996093749
2008-01-22,741.8195190429685
2008-01-23,748.2213134765625
2008-01-24,743.90185546875
2008-01-25,740.6113891601561
2008-01-26,737.7485961914061
2008-01-27,735.0221557617188
2008-01-28,732.432373046875
2008-01-29,729.967529296875
2008-01-30,737.1551513671875
2008-01-31,734.4962158203125
2008-02-01,766.6145629882814
2008-02-02,757.663330078125
2008-02-03,751.4170532226561
2008-02-04,746.2616577148436
2008-02-05,741.4591064453125
2008-02-06,737.1624755859374
2008-02-07,748.6749267578124
2008-02-08,744.2771606445312
2008-02-09,740.3899536132812
2008-02-10,736.8792724609374
2008-02-11,733.7847290039062
2008-02-12,730.8453979492188
2008-02-13,729.8168334960938
2008-02-14,727.6843261718751
2008-02-15,725.59130859375
2008-02-16,723.3695678710938
2008-02-17,720.8486328125
2008-02-18,737.5856933593751
2008-02-19,734.5281982421875
2008-02-20,731.7412719726561
2008-02-21,729.0219726562499
2008-02-22,744.21630859375
2008-02-23,758.7213134765625
2008-02-24,752.0209350585938
2008-02-25,746.8200073242188
2008-02-26,742.2985229492188
2008-02-27,753.7323608398438
2008-02-28,748.7578125
2008-02-29,744.5621337890625
2008-03-01,740.6215209960938
2008-03-02,736.9522705078125
2008-03-03,733.5560302734375
2008-03-04,730.1093139648436
2008-03-05,751.7710571289062
2008-03-06,746.6484375
2008-03-07,750.4345092773438
2008-03-08,758.8374633789062
2008-03-09,752.5166015625
2008-03-10,747.42919921875
2008-03-11,742.9838867187501
2008-03-12,739.1713256835938
2008-03-13,735.5544433593751
2008-03-14,732.0025024414062
2008-03-15,735.8894653320312
2008-03-16,739.6302490234374
2008-03-17,735.6986083984374
2008-03-18,732.1577148437502
2008-03-19,728.5789794921875
2008-03-20,745.2037353515625
2008-03-21,740.9491577148436
2008-03-22,737.0625
2008-03-23,733.3555297851561
2008-03-24,730.4010009765626
2008-03-25,728.0628051757811
2008-03-26,725.6499633789062
2008-03-27,723.0150756835938
2008-03-28,720.0746459960936
2008-03-29,717.0422973632812
2008-03-30,745.7517700195312
2008-03-31,741.613525390625
2008-04-01,737.7073364257811
2008-04-02,733.1857910156249
2008-04-03,728.9929809570312
2008-04-04,734.7653808593751
2008-04-05,749.6807250976562
2008-04-06,770.0629272460939
2008-04-07,758.0722045898436
2008-04-08,750.6707763671875
2008-04-09,745.0177612304686
2008-04-10,740.0001220703125
2008-04-11,735.2623291015627
2008-04-12,742.6643066406249
2008-04-13,738.33837890625
2008-04-14,734.829833984375
2008-04-15,731.9067993164062
2008-04-16,728.992919921875
2008-04-17,725.9929809570312
2008-04-18,722.8365478515625
2008-04-19,719.553955078125
2008-04-20,718.1496582031249
2008-04-21,715.1858520507812
2008-04-22,712.2398681640624
2008-04-23,709.2108154296875
2008-04-24,706.1187133789064
2008-04-25,702.9572143554688
2008-04-26,699.6182861328126
2008-04-27,702.7357788085939
2008-04-28,707.4302368164064
2008-04-29,706.5891723632812
2008-04-30,704.4658203125
2008-05-01,702.0234375
2008-05-02,699.104248046875
2008-05-03,695.9921264648438
2008-05-04,693.1849365234376
2008-05-05,690.2584838867189
2008-05-06,687.4146118164062
2008-05-07,684.481689453125
2008-05-08,681.32470703125
2008-05-09,684.5109863281249
2008-05-10,681.0680541992188
2008-05-11,710.0408325195314
2008-05-12,716.2685546875001
2008-05-13,713.324951171875
2008-05-14,710.3496704101562
2008-05-15,707.1538696289064
2008-05-16,713.9925537109375
2008-05-17,710.905029296875
2008-05-18,707.7550659179688
2008-05-19,704.3441772460939
2008-05-20,700.6163330078125
2008-05-21,707.9993286132812
2008-05-22,704.6306152343751
2008-05-23,701.0322265625
2008-05-24,704.5828857421875
2008-05-25,700.6686401367189
2008-05-26,697.2272338867189
2008-05-27,693.6500854492189
2008-05-28,689.830810546875
2008-05-29,695.9241333007812
2008-05-30,692.8114013671875
2008-05-31,688.8605346679688
2008-06-01,684.7297973632812
2008-06-02,680.5667114257812
2008-06-03,676.50048828125
2008-06-04,672.2534790039062
2008-06-05,667.720703125
2008-06-06,663.1044921875
2008-06-07,658.5689086914064
2008-06-08,654.0244140624999
2008-06-09,649.4141235351562
2008-06-10,644.871337890625
2008-06-11,640.6117553710939
2008-06-12,649.2919311523439
2008-06-13,645.34521484375
2008-06-14,641.3695678710938
2008-06-15,638.7155761718751
2008-06-16,638.830322265625
2008-06-17,635.0817260742188
2008-06-18,631.6519775390626
2008-06-19,628.4691772460939
2008-06-20,625.2261352539064
2008-06-21,621.9310913085938
2008-06-22,618.3338623046875
2008-06-23,614.7824096679689
2008-06-24,611.2955322265625
2008-06-25,607.623046875
2008-06-26,603.7793579101562
2008-06-27,599.9254150390625
2008-06-28,596.0805053710939
2008-06-29,602.6656494140625
2008-06-30,609.2398681640624
2008-07-01,606.1366577148438
2008-07-02,603.1790771484375
2008-07-03,599.9854125976561
2008-07-04,596.4716186523439
2008-07-05,597.1037597656249
2008-07-06,600.5697631835936
2008-07-07,604.2747192382812
2008-07-08,600.6809692382812
2008-07-09,599.7003173828125
2008-07-10,610.2282104492188
2008-07-11,611.6912231445314
2008-07-12,610.6244506835938
2008-07-13,606.7302856445312
2008-07-14,622.1734619140624
2008-07-15,618.4328613281249
2008-07-16,614.8169555664062
2008-07-17,611.3021850585938
2008-07-18,607.8110961914062
2008-07-19,604.1533203125
2008-07-20,600.3255615234376
2008-07-21,596.365478515625
2008-07-22,618.1079711914064
2008-07-23,614.3309936523439
2008-07-24,610.7483520507812
2008-07-25,607.1444091796875
2008-07-26,603.4375610351562
2008-07-27,599.6660766601564
2008-07-28,595.7636108398438
2008-07-29,601.857177734375
2008-07-30,605.61083984375
2008-07-31,601.6890258789064
2008-08-01,607.7384033203124
2008-08-02,603.9570922851562
2008-08-03,600.08544921875
2008-08-04,596.2305908203125
2008-08-05,592.3553466796876
2008-08-06,588.2705688476561
2008-08-07,584.0936279296875
2008-08-08,580.4058227539062
2008-08-09,577.1885986328125
2008-08-10,574.09716796875
2008-08-11,570.899169921875
2008-08-12,567.7135620117188
2008-08-13,584.4142456054688
2008-08-14,597.3975219726562
2008-08-15,594.2597656249999
2008-08-16,591.0206909179688
2008-08-17,587.8201904296876
2008-08-18,584.7262573242188
2008-08-19,581.7182006835938
2008-08-20,578.5562744140625
2008-08-21,575.41162109375
2008-08-22,572.3366088867188
2008-08-23,577.019287109375
2008-08-24,600.5559692382812
2008-08-25,610.3544311523439
2008-08-26,622.7096557617188
2008-08-27,653.4093017578125
2008-08-28,650.3016967773438
2008-08-29,646.9148559570314
2008-08-30,643.4667358398438
2008-08-31,639.9882202148438
2008-09-01,636.613037109375
2008-09-02,633.3595581054689
2008-09-03,630.3884887695312
2008-09-04,627.5262451171876
2008-09-05,624.63720703125
2008-09-06,621.6384887695312
2008-09-07,622.5309448242188
2008-09-08,619.11865234375
2008-09-09,615.7428588867189
2008-09-10,617.1128540039064
2008-09-11,628.8632202148438
2008-09-12,630.6176147460938
2008-09-13,627.3322143554688
2008-09-14,624.1373901367189
2008-09-15,620.9829711914064
2008-09-16,618.132568359375
2008-09-17,615.6995239257812
2008-09-18,613.56103515625
2008-09-19,611.1605224609374
2008-09-20,608.8286743164062
2008-09-21,606.6340942382812
2008-09-22,604.4977416992189
2008-09-23,602.1126098632812
2008-09-24,599.9231567382812
2008-09-25,598.0040283203124
2008-09-26,595.9854125976561
2008-09-27,593.9190673828125
2008-09-28,591.7117919921875
2008-09-29,589.3240356445312
2008-09-30,586.8514404296876
2008-10-01,584.5822143554688
2008-10-02,582.857666015625
2008-10-03,581.2223510742188
2008-10-04,579.3818359375001
2008-10-05,577.3803100585938
2008-10-06,575.4251708984375
2008-10-07,573.4398193359375
2008-10-08,585.8015747070312
2008-10-09,630.6291503906251
2008-10-10,634.139404296875
2008-10-11,631.7002563476561
2008-10-12,629.5330810546874
2008-10-13,629.3960571289064
2008-10-14,627.2902221679688
2008-10-15,625.2479858398438
2008-10-16,623.1494140624999
2008-10-17,621.087646484375
2008-10-18,641.0068359375001
2008-10-19,639.5737915039062
2008-10-20,638.3095703125
2008-10-21,636.98583984375
2008-10-22,635.508544921875
2008-10-23,634.0220336914064
2008-10-24,642.3903198242188
2008-10-25,667.1497802734376
2008-10-26,665.6927490234376
2008-10-27,664.2094116210938
2008-10-28,663.1376342773438
2008-10-29,662.19482421875
2008-10-30,661.1322021484375
2008-10-31,659.9813842773438
2008-11-01,658.7705688476561
2008-11-02,657.4810791015625
2008-11-03,655.9899902343751
2008-11-04,654.4307250976562
2008-11-05,652.892333984375
2008-11-06,651.3619995117189
2008-11-07,649.8070068359375
2008-11-08,650.4811401367189
2008-11-09,649.2816772460939
2008-11-10,648.2606811523439
2008-11-11,647.1956176757812
2008-11-12,646.0657348632812
2008-11-13,650.8358764648438
2008-11-14,669.1096191406249
2008-11-15,694.5904541015625
2008-11-16,693.2241821289064
2008-11-17,692.1140747070312
2008-11-18,690.9457397460939
2008-11-19,690.1096801757812
2008-11-20,689.1795654296875
2008-11-21,688.0032348632812
2008-11-22,687.2388305664062
2008-11-23,686.4026489257812
2008-11-24,685.3306274414064
2008-11-25,689.1632080078125
2008-11-26,688.1537475585938
2008-11-27,687.0891113281249
2008-11-28,685.80322265625
2008-11-29,701.8925170898438
2008-11-30,738.3913574218751
2008-12-01,738.6469726562499
2008-12-02,735.8889770507811
2008-12-03,733.4311523437501
2008-12-04,731.0484008789062
2008-12-05,728.7041625976561
2008-12-06,726.6434936523438
2008-12-07,724.7333374023436
2008-12-08,722.9431152343751
2008-12-09,721.1181640624999
2008-12-10,720.17041015625
2008-12-11,792.3773193359374
2008-12-12,778.6461791992186
2008-12-13,763.2338867187501
2008-12-14,755.6509399414062
2008-12-15,749.9525756835938
2008-12-16,744.961181640625
2008-12-17,740.5272216796876
2008-12-18,736.4146728515625
2008-12-19,732.7529296875
2008-12-20,729.3933715820312
2008-12-21,730.9475097656249
2008-12-22,728.8721313476561
2008-12-23,727.0744018554686
2008-12-24,725.1346435546875
2008-12-25,729.3948974609375
2008-12-26,733.3851318359374
2008-12-27,732.4788208007811
2008-12-28,729.8995971679686
2008-12-29,729.1339111328125
2008-12-30,726.7037963867188
2008-12-31,725.2898559570311
2009-01-01,723.4500732421876
2009-01-02,721.6600952148438
2009-01-03,721.7081298828124
2009-01-04,724.3331298828124
2009-01-05,727.1197509765626
2009-01-06,732.018798828125
2009-01-07,742.0669555664062
2009-01-08,738.5611572265626
2009-01-09,735.5617675781249
2009-01-10,732.7750244140626
2009-01-11,740.8369750976562
2009-01-12,737.7852783203124
2009-01-13,734.9998779296875
2009-01-14,732.5081787109375
2009-01-15,730.3203125
2009-01-16,728.4584960937501
2009-01-17,726.755126953125
2009-01-18,726.4749145507811
2009-01-19,728.3762817382811
2009-01-20,726.4927368164064
2009-01-21,724.8442993164062
2009-01-22,723.1929321289062
2009-01-23,721.3079833984374
2009-01-24,719.2170410156249
2009-01-25,721.0928955078125
2009-01-26,719.2349243164062
2009-01-27,717.3568115234376
2009-01-28,717.02783203125
2009-01-29,718.9833374023439
2009-01-30,717.3445434570312
2009-01-31,715.8072509765624
2009-02-01,714.294677734375
2009-02-02,712.6325073242188
2009-02-03,714.6819458007814
2009-02-04,713.4706420898438
2009-02-05,712.3568725585939
2009-02-06,711.091796875
2009-02-07,709.5054931640625
2009-02-08,707.6489868164064
2009-02-09,705.6682739257812
2009-02-10,703.7452392578125
2009-02-11,701.7769775390626
2009-02-12,699.9304809570314
2009-02-13,698.3058471679688
2009-02-14,698.6003417968751
2009-02-15,697.1282348632812
2009-02-16,695.8001098632812
2009-02-17,694.6378784179688
2009-02-18,703.2663574218751
2009-02-19,724.6799926757811
2009-02-20,722.8044433593751
2009-02-21,721.0308227539061
2009-02-22,719.1765747070312
2009-02-23,717.5557861328126
2009-02-24,715.9150390624999
2009-02-25,714.2088012695312
2009-02-26,712.1818237304689
2009-02-27,709.9643554687499
2009-02-28,759.658203125
2009-03-01,786.6294555664062
2009-03-02,785.6799926757811
2009-03-03,764.1910400390625
2009-03-04,756.2498168945311
2009-03-05,750.3802490234374
2009-03-06,745.3344726562499
2009-03-07,740.6865234375
2009-03-08,736.510498046875
2009-03-09,732.4237060546875
2009-03-10,728.4034423828124
2009-03-11,724.7666625976561
2009-03-12,721.5159912109375
2009-03-13,718.8851928710938
2009-03-14,718.4891357421875
2009-03-15,742.2026367187501
2009-03-16,757.326416015625
2009-03-17,763.3924560546875
2009-03-18,754.6313476562499
2009-03-19,748.3174438476562
2009-03-20,743.2700805664062
2009-03-21,739.2447509765626
2009-03-22,735.6299438476562
2009-03-23,732.2468261718751
2009-03-24,728.9497680664062
2009-03-25,725.6831665039062
2009-03-26,723.9154052734374
2009-03-27,741.5455932617188
2009-03-28,760.2420654296875
2009-03-29,815.3228759765626
2009-03-30,761.6538696289062
2009-03-31,753.621337890625
2009-04-01,765.05419921875
2009-04-02,784.9606933593751
2009-04-03,800.6920776367188
2009-04-04,761.1534423828124
2009-04-05,752.8873901367188
2009-04-06,754.3959350585938
2009-04-07,748.7681274414061
2009-04-08,744.2099609375001
2009-04-09,739.6953735351562
2009-04-10,735.1604003906251
2009-04-11,750.5927124023438
2009-04-12,744.8800659179686
2009-04-13,750.8781738281249
2009-04-14,766.5815429687501
2009-04-15,760.4448852539062
2009-04-16,752.5115356445312
2009-04-17,746.5713500976562
2009-04-18,741.66796875
2009-04-19,737.1058349609375
2009-04-20,737.7925415039062
2009-04-21,733.7342529296875
2009-04-22,730.0773925781249
2009-04-23,726.3358154296875
2009-04-24,727.4110717773436
2009-04-25,722.9431152343751
2009-04-26,718.94921875
2009-04-27,715.2830200195312
2009-04-28,711.85009765625
2009-04-29,708.50048828125
2009-04-30,705.1140136718751
2009-05-01,701.6712646484375
2009-05-02,703.8568725585939
2009-05-03,707.5499267578124
2009-05-04,709.8335571289064
2009-05-05,712.4940185546875
2009-05-06,713.2507324218751
2009-05-07,718.9674072265625
2009-05-08,714.7164306640625
2009-05-09,710.5728149414064
2009-05-10,706.6453247070312
2009-05-11,707.03173828125
2009-05-12,706.3753662109375
2009-05-13,703.522705078125
2009-05-14,700.1494140624999
2009-05-15,696.512939453125
2009-05-16,700.3999633789064
2009-05-17,707.4238281249999
2009-05-18,708.871337890625
2009-05-19,706.3897705078125
2009-05-20,703.4309692382812
2009-05-21,700.1734008789064
2009-05-22,697.6571655273438
2009-05-23,702.5135498046875
2009-05-24,706.0494995117189
2009-05-25,715.7609252929689
2009-05-26,715.4390869140624
2009-05-27,725.21142578125
2009-05-28,720.4530029296875
2009-05-29,715.9205932617188
2009-05-30,711.7600097656249
2009-05-31,707.4462890624999
2009-06-01,703.0614013671875
2009-06-02,698.7990112304689
2009-06-03,694.5787353515625
2009-06-04,690.4881591796875
2009-06-05,719.655029296875
2009-06-06,717.7829589843751
2009-06-07,713.4619750976562
2009-06-08,709.1857299804688
2009-06-09,704.71337890625
2009-06-10,700.0761108398438
2009-06-11,695.5577392578125
2009-06-12,690.9694824218751
2009-06-13,692.1016235351562
2009-06-14,687.9080200195312
2009-06-15,683.6237182617189
2009-06-16,679.1707153320312
2009-06-17,674.554931640625
2009-06-18,670.5950927734375
2009-06-19,666.159912109375
2009-06-20,661.4544677734375
2009-06-21,656.5570068359375
2009-06-22,651.7452392578125
2009-06-23,652.9502563476561
2009-06-24,648.8765258789064
2009-06-25,644.6843872070312
2009-06-26,640.3245849609375
2009-06-27,635.7075805664062
2009-06-28,630.9368286132812
2009-06-29,626.3904418945312
2009-06-30,622.6160278320312
2009-07-01,618.791748046875
2009-07-02,614.7766723632812
2009-07-03,611.0180053710939
2009-07-04,607.4689941406249
2009-07-05,603.8558349609375
2009-07-06,617.2011718750001
2009-07-07,613.4208984375
2009-07-08,609.8099365234376
2009-07-09,613.9801635742188
2009-07-10,610.6864013671875
2009-07-11,607.40673828125
2009-07-12,603.9545288085939
2009-07-13,605.2869873046875
2009-07-14,601.7735595703124
2009-07-15,598.1279296875
2009-07-16,594.298095703125
2009-07-17,590.3414306640625
2009-07-18,588.1347045898436
2009-07-19,585.1990356445312
2009-07-20,582.2890014648438
2009-07-21,579.3944091796875
2009-07-22,576.3279418945312
2009-07-23,573.0399780273438
2009-07-24,573.95703125
2009-07-25,570.5897216796876
2009-07-26,567.0302734375
2009-07-27,563.43896484375
2009-07-28,559.863525390625
2009-07-29,566.3369140624999
2009-07-30,567.02734375
2009-07-31,581.3085327148438
2009-08-01,588.822998046875
2009-08-02,585.2149658203125
2009-08-03,591.1395874023439
2009-08-04,587.6148071289064
2009-08-05,583.9231567382812
2009-08-06,580.4175415039062
2009-08-07,577.0140991210938
2009-08-08,573.4723510742188
2009-08-09,569.8966064453125
2009-08-10,566.23486328125
2009-08-11,562.4601440429689
2009-08-12,560.2496948242189
2009-08-13,563.6071166992189
2009-08-14,560.3161621093751
2009-08-15,557.09326171875
2009-08-16,553.9349975585938
2009-08-17,565.2648925781249
2009-08-18,566.1055297851562
2009-08-19,562.8629150390624
2009-08-20,561.0413208007814
2009-08-21,563.8656616210938
2009-08-22,565.7719116210938
2009-08-23,563.0260620117188
2009-08-24,560.420654296875
2009-08-25,557.6838378906249
2009-08-26,554.80712890625
2009-08-27,551.8113403320312
2009-08-28,561.7337036132812
2009-08-29,585.8779907226562
2009-08-30,583.1025390624999
2009-08-31,603.1643676757812
2009-09-01,600.4704589843751
2009-09-02,598.0778808593751
2009-09-03,595.5370483398436
2009-09-04,592.91162109375
2009-09-05,590.1593017578125
2009-09-06,587.3893432617188
2009-09-07,584.6325073242188
2009-09-08,581.9520263671875
2009-09-09,579.1664428710938
2009-09-10,576.4285888671875
2009-09-11,573.97021484375
2009-09-12,571.6195068359375
2009-09-13,569.1005249023438
2009-09-14,566.5028686523438
2009-09-15,563.8764038085939
2009-09-16,570.9539794921875
2009-09-17,601.0735473632812
2009-09-18,634.2557983398436
2009-09-19,642.0918579101562
2009-09-20,656.5177612304689
2009-09-21,674.0916748046875
2009-09-22,710.2830810546874
2009-09-23,706.5859985351562
2009-09-24,702.8853759765625
2009-09-25,699.1619262695312
2009-09-26,695.4982299804688
2009-09-27,724.4511108398438
2009-09-28,720.6977539062499
2009-09-29,717.50537109375
2009-09-30,714.8058471679688
2009-10-01,712.1665649414064
2009-10-02,709.44384765625
2009-10-03,706.6944580078125
2009-10-04,704.066162109375
2009-10-05,727.0783081054688
2009-10-06,730.0532226562499
2009-10-07,726.9039916992186
2009-10-08,723.58642578125
2009-10-09,719.9223632812501
2009-10-10,716.1404418945312
2009-10-11,712.8630981445314
2009-10-12,727.3348388671875
2009-10-13,771.2301025390625
2009-10-14,771.1772460937501
2009-10-15,772.2606201171876
2009-10-16,769.6420288085939
2009-10-17,758.8133544921875
2009-10-18,755.4069824218751
2009-10-19,749.6148681640626
2009-10-20,744.8692626953125
2009-10-21,740.5986938476562
2009-10-22,736.6361694335938
2009-10-23,732.7025146484375
2009-10-24,731.6306152343751
2009-10-25,728.6309204101561
2009-10-26,725.9180908203125
2009-10-27,723.1917724609374
2009-10-28,764.2445068359374
2009-10-29,754.955383300781
2009-10-30,748.2940673828125
2009-10-31,746.1729125976561
2009-11-01,748.8778686523438
2009-11-02,743.9636840820312
2009-11-03,739.8048095703124
2009-11-04,735.9732055664062
2009-11-05,732.6202392578125
2009-11-06,729.7921752929688
2009-11-07,727.1944580078125
2009-11-08,724.5973510742188
2009-11-09,721.9579467773438
2009-11-10,741.2179565429686
2009-11-11,822.8386840820312
2009-11-12,761.637451171875
2009-11-13,753.7886352539062
2009-11-14,747.7972412109375
2009-11-15,742.9375
2009-11-16,738.9024658203125
2009-11-17,735.359375
2009-11-18,736.9970703125
2009-11-19,733.7084960937501
2009-11-20,730.8300170898438
2009-11-21,728.1456909179686
2009-11-22,733.0855102539061
2009-11-23,751.5502319335938
2009-11-24,747.1138305664062
2009-11-25,742.7651367187501
2009-11-26,739.1270141601561
2009-11-27,736.0042114257811
2009-11-28,733.1838989257811
2009-11-29,730.3925781249999
2009-11-30,727.6801147460938
2009-12-01,725.700927734375
2009-12-02,753.1024169921875
2009-12-03,794.1752319335938
2009-12-04,762.229248046875
2009-12-05,754.9291381835938
2009-12-06,749.6721191406249
2009-12-07,745.3963623046875
2009-12-08,741.5655517578125
2009-12-09,767.700439453125
2009-12-10,757.8926391601561
2009-12-11,751.9291381835938
2009-12-12,747.3733520507811
2009-12-13,758.345703125
2009-12-14,757.3906860351561
2009-12-15,760.4801025390625
2009-12-16,753.396728515625
2009-12-17,748.34912109375
2009-12-18,754.8812255859374
2009-12-19,800.4090576171876
2009-12-20,762.325439453125
2009-12-21,755.0908203125
2009-12-22,749.6939697265625
2009-12-23,745.2820434570311
2009-12-24,741.5435791015627
2009-12-25,780.6811523437501
2009-12-26,763.5897827148436
2009-12-27,755.8663330078125
2009-12-28,750.2666625976561
2009-12-29,745.9600219726561
2009-12-30,742.3274536132812
2009-12-31,743.0971679687501
2010-01-01,741.8315429687501
2010-01-02,738.761474609375
2010-01-03,736.2116088867186
2010-01-04,733.9127807617188
2010-01-05,731.8168334960938
2010-01-06,729.855224609375
2010-01-07,727.9657592773438
2010-01-08,726.2942504882812
2010-01-09,724.7732543945312
2010-01-10,723.301025390625
2010-01-11,721.8570556640626
2010-01-12,720.3751220703125
2010-01-13,718.9221191406249
2010-01-14,717.46533203125
2010-01-15,715.9468383789064
2010-01-16,714.3274536132812
2010-01-17,759.4037475585938
2010-01-18,754.4266357421875
2010-01-19,748.7689819335938
2010-01-20,744.1481323242188
2010-01-21,749.419677734375
2010-01-22,759.9896850585938
2010-01-23,753.230712890625
2010-01-24,757.2223510742188
2010-01-25,791.4416503906251
2010-01-26,762.89892578125
2010-01-27,755.3340454101561
2010-01-28,749.8207397460939
2010-01-29,745.2582397460939
2010-01-30,757.2655029296875
2010-01-31,752.3905639648436
2010-02-01,747.7028198242188
2010-02-02,751.2721557617188
2010-02-03,746.5779418945311
2010-02-04,742.5558471679686
2010-02-05,767.9260864257811
2010-02-06,782.0736694335938
2010-02-07,763.9282226562499
2010-02-08,756.0460205078125
2010-02-09,750.3839111328125
2010-02-10,748.9584350585938
2010-02-11,744.8997192382812
2010-02-12,741.4031372070312
2010-02-13,738.4545288085939
2010-02-14,735.7896728515625
2010-02-15,738.0712280273436
2010-02-16,735.3635864257811
2010-02-17,732.9598388671875
2010-02-18,730.6349487304685
2010-02-19,728.3191528320312
2010-02-20,726.0713500976562
2010-02-21,723.8485107421875
2010-02-22,734.4089965820312
2010-02-23,731.446044921875
2010-02-24,728.9185180664062
2010-02-25,726.9170532226561
2010-02-26,725.0319824218751
2010-02-27,723.1388549804686
2010-02-28,721.2347412109375
2010-03-01,719.3932495117189
2010-03-02,722.5858154296875
2010-03-03,730.2405395507812
2010-03-04,727.99755859375
2010-03-05,725.8411254882814
2010-03-06,723.7852783203124
2010-03-07,721.75537109375
2010-03-08,719.6559448242188
2010-03-09,717.3452758789064
2010-03-10,718.2578125
2010-03-11,766.6452636718751
2010-03-12,766.8830566406249
2010-03-13,769.4351806640626
2010-03-14,761.8179321289062
2010-03-15,754.1122436523438
2010-03-16,748.3359375
2010-03-17,743.6223754882814
2010-03-18,746.0330810546874
2010-03-19,741.4869384765625
2010-03-20,737.3624877929688
2010-03-21,733.6293334960938
2010-03-22,735.6062622070312
2010-03-23,734.6309204101561
2010-03-24,731.3806762695311
2010-03-25,728.084716796875
2010-03-26,725.3749389648436
2010-03-27,722.7513427734374
2010-03-28,720.0897216796876
2010-03-29,724.6063842773438
2010-03-30,721.9877929687501
2010-03-31,719.2776489257812
2010-04-01,716.3631591796875
2010-04-02,713.2343139648439
2010-04-03,710.0891723632812
2010-04-04,706.9879760742188
2010-04-05,703.7760009765624
2010-04-06,700.4684448242188
2010-04-07,697.2418212890625
2010-04-08,694.3389282226564
2010-04-09,710.2467651367189
2010-04-10,707.916748046875
2010-04-11,705.5738525390625
2010-04-12,703.0769653320312
2010-04-13,700.4623413085938
2010-04-14,697.80712890625
2010-04-15,695.0612182617189
2010-04-16,692.2759399414064
2010-04-17,689.3850097656249
2010-04-18,686.5324096679689
2010-04-19,684.3080444335938
2010-04-20,682.1279296875
2010-04-21,686.7936401367189
2010-04-22,684.473876953125
2010-04-23,681.9425659179688
2010-04-24,686.7541503906251
2010-04-25,710.6594238281249
2010-04-26,707.3073120117188
2010-04-27,704.5878295898438
2010-04-28,702.2781982421875
2010-04-29,700.0099487304689
2010-04-30,697.5328979492189
2010-05-01,694.3707275390626
2010-05-02,690.6419677734375
2010-05-03,686.7230834960938
2010-05-04,738.8505859375001
2010-05-05,733.5464477539061
2010-05-06,728.6409912109375
2010-05-07,723.7493896484375
2010-05-08,719.1978149414064
2010-05-09,715.7321166992189
2010-05-10,712.740966796875
2010-05-11,712.5021362304689
2010-05-12,708.9887695312501
2010-05-13,704.9360961914062
2010-05-14,700.8234863281249
2010-05-15,696.7932739257812
2010-05-16,692.8731079101562
2010-05-17,699.7100219726562
2010-05-18,696.7651977539062
2010-05-19,693.3097534179688
2010-05-20,690.1302490234376
2010-05-21,712.0175781249999
2010-05-22,734.9231567382812
2010-05-23,729.5661010742188
2010-05-24,724.2305908203125
2010-05-25,719.59130859375
2010-05-26,715.3604125976561
2010-05-27,711.086181640625
2010-05-28,706.5787963867189
2010-05-29,702.1568603515625
2010-05-30,710.3261108398438
2010-05-31,716.1941528320312
2010-06-01,728.7879638671874
2010-06-02,725.4765014648436
2010-06-03,720.6795043945312
2010-06-04,715.7763061523438
2010-06-05,711.0614013671875
2010-06-06,706.1917114257812
2010-06-07,701.7861938476562
2010-06-08,697.7493286132812
2010-06-09,693.5989379882814
2010-06-10,689.1004638671874
2010-06-11,684.4982299804688
2010-06-12,679.7854614257812
2010-06-13,674.9439697265624
2010-06-14,670.0130615234376
2010-06-15,665.0540161132812
2010-06-16,682.3065185546875
2010-06-17,687.0836791992188
2010-06-18,682.4439697265624
2010-06-19,677.8993530273438
2010-06-20,673.3070678710938
2010-06-21,668.6845092773438
2010-06-22,664.2049560546875
2010-06-23,659.6929321289064
2010-06-24,655.0299072265625
2010-06-25,650.3547363281249
2010-06-26,656.09423828125
2010-06-27,658.798095703125
2010-06-28,654.9845581054689
2010-06-29,650.4102783203124
2010-06-30,673.63037109375
2010-07-01,669.4983520507812
2010-07-02,665.425048828125
2010-07-03,661.8603515625
2010-07-04,658.5306396484375
2010-07-05,655.0570678710938
2010-07-06,651.3916625976561
2010-07-07,647.4584350585938
2010-07-08,643.1149902343751
2010-07-09,638.5863647460938
2010-07-10,634.1317138671874
2010-07-11,629.9093017578125
2010-07-12,625.5913696289064
2010-07-13,647.8666381835938
2010-07-14,658.5823364257812
2010-07-15,654.1279907226562
2010-07-16,649.68798828125
2010-07-17,645.4611206054688
2010-07-18,643.2077636718751
2010-07-19,658.4539184570312
2010-07-20,654.1664428710938
2010-07-21,649.638427734375
2010-07-22,645.0519409179688
2010-07-23,640.4492797851562
2010-07-24,635.7618408203125
2010-07-25,631.0878295898438
2010-07-26,626.3624267578124
2010-07-27,621.9253540039064
2010-07-28,617.565185546875
2010-07-29,613.1989135742188
2010-07-30,608.7274169921875
2010-07-31,604.2914428710938
2010-08-01,611.064697265625
2010-08-02,621.4741821289064
2010-08-03,617.6724243164062
2010-08-04,613.7462768554689
2010-08-05,609.6182861328126
2010-08-06,605.4692993164062
2010-08-07,620.1187744140625
2010-08-08,616.2695922851562
2010-08-09,612.3060302734376
2010-08-10,608.3436279296875
2010-08-11,604.4421997070314
2010-08-12,600.4533081054689
2010-08-13,596.3056640624999
2010-08-14,608.5650634765624
2010-08-15,630.537353515625
2010-08-16,630.7636718750001
2010-08-17,646.9120483398436
2010-08-18,642.8019409179688
2010-08-19,638.597412109375
2010-08-20,634.5077514648438
2010-08-21,658.7074584960938
2010-08-22,668.8897705078125
2010-08-23,664.5932006835938
2010-08-24,660.4832763671875
2010-08-25,656.5477294921875
2010-08-26,652.7617797851562
2010-08-27,650.545654296875
2010-08-28,646.9177856445312
2010-08-29,645.3318481445314
2010-08-30,642.0568847656249
2010-08-31,638.8601074218751
2010-09-01,635.6028442382812
2010-09-02,632.198974609375
2010-09-03,628.67041015625
2010-09-04,625.3823852539064
2010-09-05,622.7195434570312
2010-09-06,620.0333251953125
2010-09-07,617.0174560546875
2010-09-08,613.7333984375
2010-09-09,610.3235473632812
2010-09-10,606.8917236328125
2010-09-11,603.4000244140625
2010-09-12,609.697998046875
2010-09-13,606.7042846679688
2010-09-14,604.0674438476562
2010-09-15,601.3455200195312
2010-09-16,598.5620727539062
2010-09-17,595.7339477539062
2010-09-18,592.5157470703125
2010-09-19,589.4036865234376
2010-09-20,586.3549194335938
2010-09-21,583.2469482421875
2010-09-22,580.1726074218751
2010-09-23,577.2150268554689
2010-09-24,574.3448486328124
2010-09-25,571.5144653320312
2010-09-26,568.5899047851562
2010-09-27,639.3133544921875
2010-09-28,642.6126708984375
2010-09-29,640.4302978515625
2010-09-30,655.108154296875
